152
NP_566689.2|Arabidopsis_thaliana                                            0.0000000 0.1290656 0.1290656 0.1323962 0.1323962 0.1367629 0.1367629 0.1335537 0.1335537 0.1948052 0.2044832 0.2044832 0.2150841 0.2150841 0.2124410 0.2124410 0.2035245 0.2035245 0.2372232 0.2969459 0.2711161 0.3360080 0.2927207 0.4965348 1.0963726 1.0963726 1.1902968 1.0869896 1.1194921 1.1274232 1.1194921 1.1274232 1.1372931 1.1292558 1.0568036 0.9655807 0.9715923 1.0152053 0.9958649 1.0625105 1.0594726 0.9932395 1.0174159 1.0126822 1.0962966 1.0615300 1.0385455 1.0729000 1.1211978 1.1072907 1.1203282 1.1230287 1.1654386 0.9993827 0.8938446 0.8858504 0.9106780 0.8363928 0.8540414 0.8335706 0.8510837 0.9181008 0.8562420 0.8501968 0.8566595 0.8698261 0.9628723 0.9681231 0.9483866 0.9326311 0.9096584 0.8903893 0.8960331 0.8659141 0.8518151 0.8390503 0.8286206 0.8176491 0.8356470 1.0235624 1.0318192 1.0313935 1.0329545 1.0298802 1.0659314 1.0633843 1.0492152 1.0891232 0.9657033 0.9684466 1.0229786 0.9252090 1.0112164 1.0712094 0.9875884 0.9860388 1.1253888 1.2105666 1.2644064 1.1911271 0.9765944 1.1098136 1.0962206 1.1326561 0.9816413 1.0207454 1.1142171 1.0884306 1.1062024 1.0676052 1.0676052 1.0899837 1.0801967 1.1155068 1.1155068 1.1773979 1.3190943 1.3190943 1.2773091 1.2763938 1.2815267 1.2382262 1.2595236 1.2617338 1.3833412 1.2163264 1.2163264 1.1388487 1.1388487 1.2904921 1.2483997 1.3045928 1.3020095 1.3207334 1.1118438 1.2988250 1.3518001 1.3518001 1.1851164 1.1876642 1.2220197 1.1407402 1.1213495 1.1130506 1.1295862 1.1906733 1.2544327 1.2544327 1.3479277 1.7315096 1.3722698 1.5132418 
XP_010510437.1|Camelina_sativa                                              0.1290656 0.0000000 0.0000010 0.0293315 0.0293315 0.0255632 0.0255632 0.0757416 0.0757416 0.2144099 0.2163477 0.2163477 0.2260974 0.2260974 0.2256810 0.2256810 0.2015863 0.2015863 0.2311914 0.2684789 0.2504687 0.3217738 0.2767292 0.5611818 1.1013172 1.1013172 1.1949582 1.1127196 1.1128671 1.1195363 1.1128671 1.1195363 1.1065587 1.0999080 1.0787794 0.9924083 1.0065517 1.0538483 1.0236472 1.1011436 1.1017543 1.0486292 1.0505252 1.0581971 1.1143123 1.0875598 1.0712224 1.0908123 1.1175088 1.1293093 1.1138150 1.1192469 1.1789546 1.0131953 0.9544236 0.9410156 0.9684587 0.9014446 0.9197320 0.8869270 0.9050053 0.9605098 0.8977634 0.9231197 0.9278127 0.9471006 1.0376353 1.0364603 1.0081493 0.9936407 0.9182108 0.8991775 0.9083807 0.8762150 0.9285504 0.9226334 0.9133534 0.8745762 0.8753760 1.0662508 1.0862650 1.0831913 1.0847624 1.0742889 1.0771135 1.0771581 1.0862260 1.0771372 0.9861445 0.9846339 1.0435488 0.9342731 1.0592425 1.1391381 1.0292521 1.0277341 1.2009043 1.1835337 1.3188731 1.2411331 1.0259368 1.1994731 1.1856441 1.2155474 1.0386330 1.0295729 1.1441983 1.1384194 1.1742214 1.1341945 1.1341945 1.1142658 1.1026729 1.1503797 1.1503797 1.1997611 1.3013426 1.3013426 1.2931911 1.2482566 1.2837201 1.2322078 1.3221625 1.2852500 1.3992373 1.2318430 1.2318430 1.1980270 1.1980270 1.3229514 1.2375867 1.3415356 1.3183288 1.3642164 1.1123902 1.3134176 1.3748211 1.3748211 1.2224110 1.2124978 1.2628832 1.1168612 1.1107682 1.1129378 1.1111440 1.2695994 1.2671606 1.2671606 1.4433947 1.7127540 1.4368932 1.4886779 
XP_010510430.1|Camelina_sativa                                              0.1290656 0.0000010 0.0000000 0.0293315 0.0293315 0.0255632 0.0255632 0.0757416 0.0757416 0.2144099 0.2163477 0.2163477 0.2260974 0.2260974 0.2256810 0.2256810 0.2015863 0.2015863 0.2311914 0.2684789 0.2504687 0.3217738 0.2767292 0.5611818 1.1013172 1.1013172 1.1949582 1.1127196 1.1128671 1.1195363 1.1128671 1.1195363 1.1065587 1.0999080 1.0787794 0.9924083 1.0065517 1.0538483 1.0236472 1.1011436 1.1017543 1.0486292 1.0505252 1.0581971 1.1143123 1.0875598 1.0712224 1.0908123 1.1175088 1.1293093 1.1138150 1.1192469 1.1789546 1.0131953 0.9544236 0.9410156 0.9684587 0.9014446 0.9197320 0.8869270 0.9050053 0.9605098 0.8977634 0.9231197 0.9278127 0.9471006 1.0376353 1.0364603 1.0081493 0.9936407 0.9182108 0.8991775 0.9083807 0.8762150 0.9285504 0.9226334 0.9133534 0.8745762 0.8753760 1.0662508 1.0862650 1.0831913 1.0847624 1.0742889 1.0771135 1.0771581 1.0862260 1.0771372 0.9861445 0.9846339 1.0435488 0.9342731 1.0592425 1.1391381 1.0292521 1.0277341 1.2009043 1.1835337 1.3188731 1.2411331 1.0259368 1.1994731 1.1856441 1.2155474 1.0386330 1.0295729 1.1441983 1.1384194 1.1742214 1.1341945 1.1341945 1.1142658 1.1026729 1.1503797 1.1503797 1.1997611 1.3013426 1.3013426 1.2931911 1.2482566 1.2837201 1.2322078 1.3221625 1.2852500 1.3992373 1.2318430 1.2318430 1.1980270 1.1980270 1.3229514 1.2375867 1.3415356 1.3183288 1.3642164 1.1123902 1.3134176 1.3748211 1.3748211 1.2224110 1.2124978 1.2628832 1.1168612 1.1107682 1.1129378 1.1111440 1.2695994 1.2671606 1.2671606 1.4433947 1.7127540 1.4368932 1.4886779 
XP_019092715.1|Camelina_sativa                                              0.1323962 0.0293315 0.0293315 0.0000000 0.0000010 0.0217727 0.0217727 0.0718847 0.0718847 0.2227371 0.2157526 0.2157526 0.2242705 0.2242705 0.2238597 0.2238597 0.1954407 0.1954407 0.2392805 0.2792086 0.2589505 0.3338178 0.2746034 0.5668074 1.1055201 1.1055201 1.1998824 1.1062239 1.1152705 1.1219743 1.1152705 1.1219743 1.0972957 1.0906935 1.0740552 0.9859937 1.0002399 1.0665392 1.0387246 1.1167060 1.1176301 1.0628751 1.0650413 1.0728541 1.1224713 1.0859150 1.0771113 1.0827891 1.1200219 1.1354300 1.1048428 1.1121090 1.1830105 0.9951924 0.9682266 0.9545038 0.9897161 0.8961348 0.9144203 0.8836993 0.9018088 0.9426640 0.9027931 0.9057664 0.9103835 0.9297799 1.0264291 1.0281047 1.0245531 1.0273214 0.9191389 0.9001338 0.9070126 0.8729130 0.9167042 0.8943577 0.9008092 0.8722309 0.8729512 1.0745640 1.0864942 1.0865948 1.0881738 1.0799415 1.0908520 1.0886088 1.0785880 1.0872551 0.9994429 0.9979361 1.0561484 0.9307643 1.0621442 1.1443609 1.0198957 1.0183678 1.2059205 1.1934540 1.2976848 1.2230907 1.0116129 1.1717558 1.1580757 1.1895645 1.0588294 1.0198669 1.1343061 1.1213597 1.1817997 1.1218641 1.1218641 1.1027129 1.1091064 1.1863511 1.1863511 1.2203166 1.2937123 1.2937123 1.3039486 1.2880505 1.2934814 1.2415396 1.3263388 1.2969425 1.4094324 1.2397599 1.2397599 1.1976138 1.1976138 1.3096811 1.2398575 1.3444042 1.3114422 1.3408148 1.1335392 1.3176036 1.3752687 1.3752687 1.2498388 1.2396028 1.2853955 1.1417559 1.1347439 1.1371073 1.1295526 1.2762209 1.2664025 1.2664025 1.4628737 1.7190712 1.4543204 1.4779651 
XP_010466411.1|Camelina_sativa                                              0.1323962 0.0293315 0.0293315 0.0000010 0.0000000 0.0217727 0.0217727 0.0718847 0.0718847 0.2227371 0.2157526 0.2157526 0.2242705 0.2242705 0.2238597 0.2238597 0.1954407 0.1954407 0.2392805 0.2792086 0.2589505 0.3338178 0.2746034 0.5668074 1.1055201 1.1055201 1.1998824 1.1062239 1.1152705 1.1219743 1.1152705 1.1219743 1.0972957 1.0906935 1.0740552 0.9859937 1.0002399 1.0665392 1.0387246 1.1167060 1.1176301 1.0628751 1.0650413 1.0728541 1.1224713 1.0859150 1.0771113 1.0827891 1.1200219 1.1354300 1.1048428 1.1121090 1.1830105 0.9951924 0.9682266 0.9545038 0.9897161 0.8961348 0.9144203 0.8836993 0.9018088 0.9426640 0.9027931 0.9057664 0.9103835 0.9297799 1.0264291 1.0281047 1.0245531 1.0273214 0.9191389 0.9001338 0.9070126 0.8729130 0.9167042 0.8943577 0.9008092 0.8722309 0.8729512 1.0745640 1.0864942 1.0865948 1.0881738 1.0799415 1.0908520 1.0886088 1.0785880 1.0872551 0.9994429 0.9979361 1.0561484 0.9307643 1.0621442 1.1443609 1.0198957 1.0183678 1.2059205 1.1934540 1.2976848 1.2230907 1.0116129 1.1717558 1.1580757 1.1895645 1.0588294 1.0198669 1.1343061 1.1213597 1.1817997 1.1218641 1.1218641 1.1027129 1.1091064 1.1863511 1.1863511 1.2203166 1.2937123 1.2937123 1.3039486 1.2880505 1.2934814 1.2415396 1.3263388 1.2969425 1.4094324 1.2397599 1.2397599 1.1976138 1.1976138 1.3096811 1.2398575 1.3444042 1.3114422 1.3408148 1.1335392 1.3176036 1.3752687 1.3752687 1.2498388 1.2396028 1.2853955 1.1417559 1.1347439 1.1371073 1.1295526 1.2762209 1.2664025 1.2664025 1.4628737 1.7190712 1.4543204 1.4779651 
XP_010488183.1|Camelina_sativa                                              0.1367629 0.0255632 0.0255632 0.0217727 0.0217727 0.0000000 0.0000010 0.0794496 0.0794496 0.2255701 0.2157914 0.2157914 0.2267593 0.2267593 0.2263456 0.2263456 0.1993195 0.1993195 0.2470061 0.2848220 0.2638780 0.3392769 0.2872440 0.5736574 1.1153170 1.1153170 1.2112318 1.1226370 1.1209127 1.1276396 1.1209127 1.1276396 1.1024452 1.0958017 1.0843833 0.9878157 0.9998804 1.0647435 1.0527787 1.1154417 1.1163404 1.0578868 1.0638409 1.0716454 1.1226606 1.0897739 1.0808592 1.0905811 1.1207405 1.1326001 1.1073702 1.1052917 1.1913423 1.0089990 0.9608896 0.9472958 0.9992791 0.9074611 0.9258775 0.8987854 0.9170702 0.9524287 0.8931540 0.9304525 0.9352082 0.9546816 1.0486580 1.0496188 1.0490342 1.0268722 0.9239582 0.9048437 0.9117680 0.8774795 0.9242239 0.9211866 0.9017084 0.8840988 0.8887215 1.0711350 1.1017939 1.1045123 1.1061144 1.0976041 1.0981525 1.0958706 1.0954168 1.1035730 1.0100914 1.0085939 1.0674240 0.9507081 1.0660799 1.1573206 1.0392515 1.0377335 1.2056111 1.1944511 1.3156378 1.2404318 1.0257391 1.1931591 1.1793175 1.2009842 1.0477984 1.0295261 1.1376976 1.1285127 1.1860140 1.1303653 1.1303653 1.1125662 1.1221264 1.1797455 1.1797455 1.2278926 1.3189486 1.3189486 1.3118679 1.2645225 1.3052034 1.2528235 1.3393783 1.3138902 1.4161890 1.2557714 1.2557714 1.2047306 1.2047306 1.3290873 1.2555967 1.3473429 1.3242489 1.3596912 1.1406156 1.3164294 1.3759020 1.3759020 1.2602513 1.2499062 1.2993057 1.1514357 1.1460127 1.1484639 1.1241290 1.2805509 1.2722235 1.2722235 1.4525687 1.7189077 1.4663026 1.5086641 
XP_010488182.1|Camelina_sativa                                              0.1367629 0.0255632 0.0255632 0.0217727 0.0217727 0.0000010 0.0000000 0.0794496 0.0794496 0.2255701 0.2157914 0.2157914 0.2267593 0.2267593 0.2263456 0.2263456 0.1993195 0.1993195 0.2470061 0.2848220 0.2638780 0.3392769 0.2872440 0.5736574 1.1153170 1.1153170 1.2112318 1.1226370 1.1209127 1.1276396 1.1209127 1.1276396 1.1024452 1.0958017 1.0843833 0.9878157 0.9998804 1.0647435 1.0527787 1.1154417 1.1163404 1.0578868 1.0638409 1.0716454 1.1226606 1.0897739 1.0808592 1.0905811 1.1207405 1.1326001 1.1073702 1.1052917 1.1913423 1.0089990 0.9608896 0.9472958 0.9992791 0.9074611 0.9258775 0.8987854 0.9170702 0.9524287 0.8931540 0.9304525 0.9352082 0.9546816 1.0486580 1.0496188 1.0490342 1.0268722 0.9239582 0.9048437 0.9117680 0.8774795 0.9242239 0.9211866 0.9017084 0.8840988 0.8887215 1.0711350 1.1017939 1.1045123 1.1061144 1.0976041 1.0981525 1.0958706 1.0954168 1.1035730 1.0100914 1.0085939 1.0674240 0.9507081 1.0660799 1.1573206 1.0392515 1.0377335 1.2056111 1.1944511 1.3156378 1.2404318 1.0257391 1.1931591 1.1793175 1.2009842 1.0477984 1.0295261 1.1376976 1.1285127 1.1860140 1.1303653 1.1303653 1.1125662 1.1221264 1.1797455 1.1797455 1.2278926 1.3189486 1.3189486 1.3118679 1.2645225 1.3052034 1.2528235 1.3393783 1.3138902 1.4161890 1.2557714 1.2557714 1.2047306 1.2047306 1.3290873 1.2555967 1.3473429 1.3242489 1.3596912 1.1406156 1.3164294 1.3759020 1.3759020 1.2602513 1.2499062 1.2993057 1.1514357 1.1460127 1.1484639 1.1241290 1.2805509 1.2722235 1.2722235 1.4525687 1.7189077 1.4663026 1.5086641 
XP_023641807.1|Capsella_rubella                                             0.1335537 0.0757416 0.0757416 0.0718847 0.0718847 0.0794496 0.0794496 0.0000000 0.0000010 0.1962769 0.2062891 0.2062891 0.2053169 0.2053169 0.2051527 0.2051527 0.1883469 0.1883469 0.2354005 0.2869984 0.2597222 0.3224246 0.2618205 0.5815069 1.1093891 1.1093891 1.2051237 1.1200576 1.1465248 1.1534050 1.1465248 1.1534050 1.1406690 1.1338138 1.0809808 0.9967780 1.0097062 1.0612262 1.0314068 1.0926817 1.0725795 1.0265217 1.0425197 1.0348078 1.1452354 1.0989220 1.0794747 1.1338197 1.1175124 1.1374672 1.1106317 1.1160893 1.1593277 1.0031517 0.9467393 0.9385096 0.9775095 0.8926843 0.9109390 0.8772423 0.8952071 0.9558729 0.9026800 0.9096393 0.9143194 0.9494149 1.0323877 1.0333884 1.0779767 1.0603335 0.9052958 0.8864133 0.8971418 0.8627548 0.9205168 0.9390075 0.9294127 0.8780746 0.8688084 1.0743879 1.0828328 1.0912623 1.0928459 1.0844091 1.0993375 1.0949765 1.1013693 1.0833936 0.9650450 0.9635102 1.0319580 0.9419338 1.0519216 1.1392571 1.0175944 1.0160679 1.1802798 1.1757857 1.2835257 1.2093534 1.0075915 1.1918765 1.1779576 1.2172350 1.0261755 1.0063090 1.1075620 1.1424785 1.1493769 1.1274977 1.1274977 1.1194220 1.0944872 1.1556060 1.1556060 1.2182867 1.3059088 1.3059088 1.3170128 1.2999959 1.3230561 1.2642481 1.3461680 1.3215731 1.4281307 1.2872470 1.2872470 1.2440938 1.2440938 1.3223004 1.2369320 1.3358587 1.3116900 1.3484778 1.0917942 1.3132547 1.3931798 1.3931798 1.2403898 1.2302202 1.2679809 1.1277974 1.1258509 1.1273916 1.1263357 1.2880941 1.2562098 1.2562098 1.4421335 1.7287528 1.4443645 1.5166505 
XP_023641806.1|Capsella_rubella                                             0.1335537 0.0757416 0.0757416 0.0718847 0.0718847 0.0794496 0.0794496 0.0000010 0.0000000 0.1962769 0.2062891 0.2062891 0.2053169 0.2053169 0.2051527 0.2051527 0.1883469 0.1883469 0.2354005 0.2869984 0.2597222 0.3224246 0.2618205 0.5815069 1.1093891 1.1093891 1.2051237 1.1200576 1.1465248 1.1534050 1.1465248 1.1534050 1.1406690 1.1338138 1.0809808 0.9967780 1.0097062 1.0612262 1.0314068 1.0926817 1.0725795 1.0265217 1.0425197 1.0348078 1.1452354 1.0989220 1.0794747 1.1338197 1.1175124 1.1374672 1.1106317 1.1160893 1.1593277 1.0031517 0.9467393 0.9385096 0.9775095 0.8926843 0.9109390 0.8772423 0.8952071 0.9558729 0.9026800 0.9096393 0.9143194 0.9494149 1.0323877 1.0333884 1.0779767 1.0603335 0.9052958 0.8864133 0.8971418 0.8627548 0.9205168 0.9390075 0.9294127 0.8780746 0.8688084 1.0743879 1.0828328 1.0912623 1.0928459 1.0844091 1.0993375 1.0949765 1.1013693 1.0833936 0.9650450 0.9635102 1.0319580 0.9419338 1.0519216 1.1392571 1.0175944 1.0160679 1.1802798 1.1757857 1.2835257 1.2093534 1.0075915 1.1918765 1.1779576 1.2172350 1.0261755 1.0063090 1.1075620 1.1424785 1.1493769 1.1274977 1.1274977 1.1194220 1.0944872 1.1556060 1.1556060 1.2182867 1.3059088 1.3059088 1.3170128 1.2999959 1.3230561 1.2642481 1.3461680 1.3215731 1.4281307 1.2872470 1.2872470 1.2440938 1.2440938 1.3223004 1.2369320 1.3358587 1.3116900 1.3484778 1.0917942 1.3132547 1.3931798 1.3931798 1.2403898 1.2302202 1.2679809 1.1277974 1.1258509 1.1273916 1.1263357 1.2880941 1.2562098 1.2562098 1.4421335 1.7287528 1.4443645 1.5166505 
XP_006406249.1|Eutrema_salsugineum                                          0.1948052 0.2144099 0.2144099 0.2227371 0.2227371 0.2255701 0.2255701 0.1962769 0.1962769 0.0000000 0.2015311 0.2015311 0.1921986 0.1921986 0.1973162 0.1973162 0.1803430 0.1803430 0.2906608 0.3485068 0.3107729 0.3798038 0.3415604 0.5498351 1.1086076 1.1086076 1.2036470 1.1286259 1.1132012 1.1199042 1.1132012 1.1199042 1.1317645 1.1249893 1.0844276 0.9973221 1.0053974 1.0390076 1.0341864 1.0628561 1.0363957 1.0098511 1.0098627 1.0023257 1.0696339 1.0305437 1.0497664 1.0782436 1.0853353 1.1492161 1.1282228 1.1281042 1.1631428 1.0312931 0.9525453 0.9445724 0.9268802 0.8559211 0.8765681 0.8569826 0.8776202 0.8996881 0.8901755 0.9067375 0.9113381 0.9195717 1.0049326 1.0064724 1.0216791 1.0087476 0.8898579 0.8623945 0.8734377 0.8371107 0.8941561 0.8708968 0.8767592 0.8899460 0.9027841 1.0714109 1.1054718 1.0095094 0.9981294 1.0058651 1.0369908 1.0497747 1.0237800 1.0458342 0.9512995 0.9376742 1.0013808 0.8934711 0.9999171 1.1442357 0.9957193 0.9992915 1.1430728 1.2033980 1.2344022 1.1603914 1.0300684 1.1591080 1.1454840 1.1751775 1.0023865 1.0453526 1.1256916 1.1321880 1.0995166 1.0772103 1.0772103 1.0805582 1.1224568 1.0655541 1.0655541 1.1308575 1.2661138 1.2661138 1.2899672 1.3276149 1.3194118 1.2812554 1.3552788 1.2962989 1.4434771 1.2737909 1.2737909 1.2030957 1.2030957 1.3335818 1.3216286 1.3198141 1.3305962 1.3522982 1.1646868 1.3474492 1.4109934 1.4109934 1.2452153 1.2332096 1.2705688 1.1924713 1.1802336 1.1661362 1.1027067 1.2713828 1.2615251 1.2615251 1.2903516 1.6438252 1.5277649 1.5645114 
XP_013692606.1|Brassica_napus                                               0.2044832 0.2163477 0.2163477 0.2157526 0.2157526 0.2157914 0.2157914 0.2062891 0.2062891 0.2015311 0.0000000 0.0000010 0.0476485 0.0476485 0.0416411 0.0416411 0.0819091 0.0819091 0.2707495 0.3299559 0.2998598 0.3639045 0.3099302 0.5771104 1.0202219 1.0202219 1.1032002 1.0527034 1.0624774 1.0689442 1.0624774 1.0689442 1.0667371 1.0602667 1.0325562 0.9976241 1.0030681 1.0485545 1.0538611 1.1025321 1.1009239 1.0638015 1.0621241 1.0583836 1.0573551 1.0260064 0.9843521 1.0590269 1.0906921 1.1048180 1.1293519 1.1388618 1.1386917 0.9801487 0.9307186 0.9095865 0.9033210 0.8393629 0.8525338 0.8735751 0.8869699 0.8983179 0.8564772 0.8953465 0.8999092 0.8993159 1.0205425 1.0198895 0.9967613 0.9705553 0.9098397 0.8961474 0.8863128 0.8676861 0.8983361 0.9058972 0.9034110 0.8595467 0.8667041 1.0208993 1.0159991 1.0505246 1.0372486 1.0360611 1.0346028 1.0422444 1.0683676 1.0334906 0.9443164 0.9350604 1.0355035 0.9119544 1.0170453 1.1215193 0.9715303 0.9715303 1.0889497 1.1577096 1.2122451 1.1474705 1.0272706 1.2277381 1.2155302 1.2594035 0.9870789 1.0072771 1.1373127 1.0835056 1.1326069 1.0750033 1.0750033 1.0886107 1.1548793 1.1024886 1.1024886 1.1544266 1.2882742 1.2882742 1.2910939 1.2608648 1.2715687 1.2172322 1.3448751 1.2850840 1.3966091 1.2131161 1.2131161 1.1263236 1.1263236 1.3307911 1.2587344 1.2768065 1.2582895 1.2930498 1.2338946 1.3417444 1.3919043 1.3919043 1.2346848 1.2352266 1.2744383 1.1962732 1.1836037 1.1695535 1.1709331 1.2268566 1.2525797 1.2525797 1.3073523 1.6155478 1.4503878 1.4671729 
XP_013692605.1|Brassica_napus                                               0.2044832 0.2163477 0.2163477 0.2157526 0.2157526 0.2157914 0.2157914 0.2062891 0.2062891 0.2015311 0.0000010 0.0000000 0.0476485 0.0476485 0.0416411 0.0416411 0.0819091 0.0819091 0.2707495 0.3299559 0.2998598 0.3639045 0.3099302 0.5771104 1.0202219 1.0202219 1.1032002 1.0527034 1.0624774 1.0689442 1.0624774 1.0689442 1.0667371 1.0602667 1.0325562 0.9976241 1.0030681 1.0485545 1.0538611 1.1025321 1.1009239 1.0638015 1.0621241 1.0583836 1.0573551 1.0260064 0.9843521 1.0590269 1.0906921 1.1048180 1.1293519 1.1388618 1.1386917 0.9801487 0.9307186 0.9095865 0.9033210 0.8393629 0.8525338 0.8735751 0.8869699 0.8983179 0.8564772 0.8953465 0.8999092 0.8993159 1.0205425 1.0198895 0.9967613 0.9705553 0.9098397 0.8961474 0.8863128 0.8676861 0.8983361 0.9058972 0.9034110 0.8595467 0.8667041 1.0208993 1.0159991 1.0505246 1.0372486 1.0360611 1.0346028 1.0422444 1.0683676 1.0334906 0.9443164 0.9350604 1.0355035 0.9119544 1.0170453 1.1215193 0.9715303 0.9715303 1.0889497 1.1577096 1.2122451 1.1474705 1.0272706 1.2277381 1.2155302 1.2594035 0.9870789 1.0072771 1.1373127 1.0835056 1.1326069 1.0750033 1.0750033 1.0886107 1.1548793 1.1024886 1.1024886 1.1544266 1.2882742 1.2882742 1.2910939 1.2608648 1.2715687 1.2172322 1.3448751 1.2850840 1.3966091 1.2131161 1.2131161 1.1263236 1.1263236 1.3307911 1.2587344 1.2768065 1.2582895 1.2930498 1.2338946 1.3417444 1.3919043 1.3919043 1.2346848 1.2352266 1.2744383 1.1962732 1.1836037 1.1695535 1.1709331 1.2268566 1.2525797 1.2525797 1.3073523 1.6155478 1.4503878 1.4671729 
XP_013743114.1|Brassica_napus                                               0.2150841 0.2260974 0.2260974 0.2242705 0.2242705 0.2267593 0.2267593 0.2053169 0.2053169 0.1921986 0.0476485 0.0476485 0.0000000 0.0000010 0.0091045 0.0091045 0.0801946 0.0801946 0.2886140 0.3499543 0.3220264 0.3764370 0.3211370 0.5642219 1.0131478 1.0131478 1.0957555 1.0398779 1.0552162 1.0616791 1.0552162 1.0616791 1.0734756 1.0669464 1.0200701 0.9859287 0.9794221 1.0205318 1.0189072 1.0417308 1.0416628 1.0089724 1.0037238 0.9967330 1.0484467 1.0166946 0.9908187 1.0662663 1.0590221 1.0612477 1.0958007 1.1051473 1.1144872 0.9751730 0.9194213 0.9033708 0.8988304 0.8410660 0.8543639 0.8547303 0.8681115 0.9038383 0.8520169 0.8754797 0.8799853 0.8892644 1.0150581 1.0158649 0.9947168 0.9728143 0.9119289 0.8980776 0.8839535 0.8627624 0.9044690 0.8805300 0.8787031 0.8423519 0.8494524 1.0165832 1.0035986 1.0501320 1.0367845 1.0450154 1.0373732 1.0488611 1.0853204 1.0443456 0.9544642 0.9463980 1.0387754 0.9369576 1.0154419 1.1126833 0.9673370 0.9673370 1.0899331 1.1589056 1.1975651 1.1328561 1.0454421 1.2130614 1.2008563 1.2434661 0.9725653 1.0144997 1.1274466 1.1038265 1.1103514 1.0570227 1.0570227 1.0814418 1.1611857 1.1218131 1.1218131 1.1610904 1.2725750 1.2725750 1.2594805 1.2271162 1.2344585 1.1945714 1.3137647 1.2547245 1.3687476 1.2385669 1.2385669 1.1596712 1.1596712 1.3090467 1.2431822 1.2854178 1.1976443 1.2428398 1.2325532 1.3554498 1.3961726 1.3961726 1.2419577 1.2425063 1.2820769 1.1989661 1.1823352 1.1697413 1.1812428 1.2130515 1.2479093 1.2479093 1.2927970 1.6496497 1.4842699 1.4688046 
XP_013743113.1|Brassica_napus                                               0.2150841 0.2260974 0.2260974 0.2242705 0.2242705 0.2267593 0.2267593 0.2053169 0.2053169 0.1921986 0.0476485 0.0476485 0.0000010 0.0000000 0.0091045 0.0091045 0.0801946 0.0801946 0.2886140 0.3499543 0.3220264 0.3764370 0.3211370 0.5642219 1.0131478 1.0131478 1.0957555 1.0398779 1.0552162 1.0616791 1.0552162 1.0616791 1.0734756 1.0669464 1.0200701 0.9859287 0.9794221 1.0205318 1.0189072 1.0417308 1.0416628 1.0089724 1.0037238 0.9967330 1.0484467 1.0166946 0.9908187 1.0662663 1.0590221 1.0612477 1.0958007 1.1051473 1.1144872 0.9751730 0.9194213 0.9033708 0.8988304 0.8410660 0.8543639 0.8547303 0.8681115 0.9038383 0.8520169 0.8754797 0.8799853 0.8892644 1.0150581 1.0158649 0.9947168 0.9728143 0.9119289 0.8980776 0.8839535 0.8627624 0.9044690 0.8805300 0.8787031 0.8423519 0.8494524 1.0165832 1.0035986 1.0501320 1.0367845 1.0450154 1.0373732 1.0488611 1.0853204 1.0443456 0.9544642 0.9463980 1.0387754 0.9369576 1.0154419 1.1126833 0.9673370 0.9673370 1.0899331 1.1589056 1.1975651 1.1328561 1.0454421 1.2130614 1.2008563 1.2434661 0.9725653 1.0144997 1.1274466 1.1038265 1.1103514 1.0570227 1.0570227 1.0814418 1.1611857 1.1218131 1.1218131 1.1610904 1.2725750 1.2725750 1.2594805 1.2271162 1.2344585 1.1945714 1.3137647 1.2547245 1.3687476 1.2385669 1.2385669 1.1596712 1.1596712 1.3090467 1.2431822 1.2854178 1.1976443 1.2428398 1.2325532 1.3554498 1.3961726 1.3961726 1.2419577 1.2425063 1.2820769 1.1989661 1.1823352 1.1697413 1.1812428 1.2130515 1.2479093 1.2479093 1.2927970 1.6496497 1.4842699 1.4688046 
XP_009145469.1|Brassica_rapa                                                0.2124410 0.2256810 0.2256810 0.2238597 0.2238597 0.2263456 0.2263456 0.2051527 0.2051527 0.1973162 0.0416411 0.0416411 0.0091045 0.0091045 0.0000000 0.0000010 0.0715578 0.0715578 0.2912060 0.3566974 0.3251105 0.3833538 0.3302582 0.5604465 1.0233879 1.0233879 1.1073831 1.0509523 1.0577297 1.0642057 1.0577297 1.0642057 1.0718020 1.0652731 1.0295557 0.9981156 0.9977142 1.0362503 1.0334183 1.0677712 1.0681430 1.0297849 1.0287105 1.0215745 1.0495467 1.0178438 0.9948400 1.0690845 1.0562786 1.0715344 1.1053844 1.1148525 1.1264241 0.9790421 0.9131971 0.8972585 0.8938721 0.8298897 0.8430623 0.8517293 0.8650367 0.9070098 0.8401557 0.8780730 0.8825885 0.8918705 1.0150552 1.0158602 0.9912848 0.9685361 0.9067206 0.8929363 0.8789157 0.8577945 0.9073082 0.8911399 0.8893325 0.8458795 0.8530069 1.0084887 0.9934884 1.0486013 1.0352527 1.0434947 1.0385574 1.0500208 1.0873601 1.0549588 0.9554605 0.9473906 1.0438600 0.9347606 1.0182164 1.1091361 0.9697212 0.9697212 1.0796750 1.1605059 1.2171918 1.1521321 1.0543898 1.2218802 1.2096341 1.2544061 0.9692210 0.9970063 1.1214231 1.0885552 1.1085152 1.0657671 1.0657671 1.0849465 1.1785534 1.1238316 1.1238316 1.1646076 1.2763613 1.2763613 1.2698976 1.2239254 1.2447703 1.1914677 1.3281207 1.2569255 1.3727085 1.2352576 1.2352576 1.1512967 1.1512967 1.3079527 1.2448317 1.2843693 1.2103452 1.2552815 1.2352419 1.3654686 1.4060072 1.4060072 1.2356933 1.2362381 1.2756561 1.1932299 1.1767244 1.1641654 1.1861751 1.1972374 1.2488391 1.2488391 1.2916311 1.6372561 1.4847692 1.4674707 
XP_009145467.1|Brassica_rapa                                                0.2124410 0.2256810 0.2256810 0.2238597 0.2238597 0.2263456 0.2263456 0.2051527 0.2051527 0.1973162 0.0416411 0.0416411 0.0091045 0.0091045 0.0000010 0.0000000 0.0715578 0.0715578 0.2912060 0.3566974 0.3251105 0.3833538 0.3302582 0.5604465 1.0233879 1.0233879 1.1073831 1.0509523 1.0577297 1.0642057 1.0577297 1.0642057 1.0718020 1.0652731 1.0295557 0.9981156 0.9977142 1.0362503 1.0334183 1.0677712 1.0681430 1.0297849 1.0287105 1.0215745 1.0495467 1.0178438 0.9948400 1.0690845 1.0562786 1.0715344 1.1053844 1.1148525 1.1264241 0.9790421 0.9131971 0.8972585 0.8938721 0.8298897 0.8430623 0.8517293 0.8650367 0.9070098 0.8401557 0.8780730 0.8825885 0.8918705 1.0150552 1.0158602 0.9912848 0.9685361 0.9067206 0.8929363 0.8789157 0.8577945 0.9073082 0.8911399 0.8893325 0.8458795 0.8530069 1.0084887 0.9934884 1.0486013 1.0352527 1.0434947 1.0385574 1.0500208 1.0873601 1.0549588 0.9554605 0.9473906 1.0438600 0.9347606 1.0182164 1.1091361 0.9697212 0.9697212 1.0796750 1.1605059 1.2171918 1.1521321 1.0543898 1.2218802 1.2096341 1.2544061 0.9692210 0.9970063 1.1214231 1.0885552 1.1085152 1.0657671 1.0657671 1.0849465 1.1785534 1.1238316 1.1238316 1.1646076 1.2763613 1.2763613 1.2698976 1.2239254 1.2447703 1.1914677 1.3281207 1.2569255 1.3727085 1.2352576 1.2352576 1.1512967 1.1512967 1.3079527 1.2448317 1.2843693 1.2103452 1.2552815 1.2352419 1.3654686 1.4060072 1.4060072 1.2356933 1.2362381 1.2756561 1.1932299 1.1767244 1.1641654 1.1861751 1.1972374 1.2488391 1.2488391 1.2916311 1.6372561 1.4847692 1.4674707 
XP_018485899.1|Raphanus_sativus                                             0.2035245 0.2015863 0.2015863 0.1954407 0.1954407 0.1993195 0.1993195 0.1883469 0.1883469 0.1803430 0.0819091 0.0819091 0.0801946 0.0801946 0.0715578 0.0715578 0.0000000 0.0000010 0.2652481 0.3263552 0.2920282 0.3610941 0.3082906 0.5709643 1.0348996 1.0348996 1.1201368 1.0515988 1.0656012 1.0720997 1.0656012 1.0720997 1.0545802 1.0481440 1.0146281 0.9542029 0.9518768 1.0256728 1.0394626 1.0533312 1.0458683 1.0074854 1.0152719 1.0096256 1.0605332 1.0254350 1.0142927 1.0350398 1.0676928 1.0738945 1.0757194 1.0872837 1.1238294 0.9522526 0.9266276 0.9038091 0.8871388 0.8099399 0.8229023 0.8181042 0.8310781 0.9186440 0.8343176 0.8757670 0.8802532 0.8982462 0.9932835 1.0146709 0.9588273 0.9498387 0.8792704 0.8658611 0.8450037 0.8318619 0.8825954 0.9024960 0.8976468 0.8336084 0.8406108 1.0199804 0.9726945 1.0718292 1.0582991 1.0664883 1.0719442 1.0849606 1.0930561 1.0714899 0.9891774 0.9802679 1.0553754 0.9437836 1.0341655 1.1131754 0.9634825 0.9634825 1.0896007 1.1752109 1.2114961 1.1445606 1.0263181 1.1961994 1.1822689 1.2208941 0.9533798 1.0007487 1.0715299 1.1030824 1.1012990 1.0852179 1.0852179 1.0668522 1.1165064 1.1143237 1.1143237 1.1684172 1.2796538 1.2796538 1.2857972 1.2235291 1.2431484 1.1964463 1.3059483 1.2531860 1.3939388 1.1930128 1.1930128 1.1137976 1.1137976 1.3129556 1.2497658 1.2833320 1.2589958 1.3088334 1.1849015 1.3343103 1.3928289 1.3928289 1.2282428 1.2213709 1.2601278 1.1766436 1.1486008 1.1356202 1.1347517 1.2393202 1.2270652 1.2270652 1.3251379 1.6614048 1.5627609 1.5187383 
XP_018485898.1|Raphanus_sativus                                             0.2035245 0.2015863 0.2015863 0.1954407 0.1954407 0.1993195 0.1993195 0.1883469 0.1883469 0.1803430 0.0819091 0.0819091 0.0801946 0.0801946 0.0715578 0.0715578 0.0000010 0.0000000 0.2652481 0.3263552 0.2920282 0.3610941 0.3082906 0.5709643 1.0348996 1.0348996 1.1201368 1.0515988 1.0656012 1.0720997 1.0656012 1.0720997 1.0545802 1.0481440 1.0146281 0.9542029 0.9518768 1.0256728 1.0394626 1.0533312 1.0458683 1.0074854 1.0152719 1.0096256 1.0605332 1.0254350 1.0142927 1.0350398 1.0676928 1.0738945 1.0757194 1.0872837 1.1238294 0.9522526 0.9266276 0.9038091 0.8871388 0.8099399 0.8229023 0.8181042 0.8310781 0.9186440 0.8343176 0.8757670 0.8802532 0.8982462 0.9932835 1.0146709 0.9588273 0.9498387 0.8792704 0.8658611 0.8450037 0.8318619 0.8825954 0.9024960 0.8976468 0.8336084 0.8406108 1.0199804 0.9726945 1.0718292 1.0582991 1.0664883 1.0719442 1.0849606 1.0930561 1.0714899 0.9891774 0.9802679 1.0553754 0.9437836 1.0341655 1.1131754 0.9634825 0.9634825 1.0896007 1.1752109 1.2114961 1.1445606 1.0263181 1.1961994 1.1822689 1.2208941 0.9533798 1.0007487 1.0715299 1.1030824 1.1012990 1.0852179 1.0852179 1.0668522 1.1165064 1.1143237 1.1143237 1.1684172 1.2796538 1.2796538 1.2857972 1.2235291 1.2431484 1.1964463 1.3059483 1.2531860 1.3939388 1.1930128 1.1930128 1.1137976 1.1137976 1.3129556 1.2497658 1.2833320 1.2589958 1.3088334 1.1849015 1.3343103 1.3928289 1.3928289 1.2282428 1.2213709 1.2601278 1.1766436 1.1486008 1.1356202 1.1347517 1.2393202 1.2270652 1.2270652 1.3251379 1.6614048 1.5627609 1.5187383 
XP_010488178.1|Camelina_sativa                                              0.2372232 0.2311914 0.2311914 0.2392805 0.2392805 0.2470061 0.2470061 0.2354005 0.2354005 0.2906608 0.2707495 0.2707495 0.2886140 0.2886140 0.2912060 0.2912060 0.2652481 0.2652481 0.0000000 0.0587531 0.0551444 0.1210535 0.1355983 0.5642455 1.0728911 1.0728911 1.1740355 1.1330202 1.1198281 1.1268556 1.1198281 1.1268556 1.1475153 1.1403763 1.1188139 1.0427139 1.0572032 1.1052151 1.0849185 1.1203257 1.1146746 1.0534886 1.0718662 1.0706982 1.1171359 1.1018196 1.1002581 1.0502454 1.1693004 1.1675899 1.1565440 1.1731597 1.1892518 1.0542826 0.9752217 0.9599794 0.9919883 0.9852479 0.9852479 0.9644350 0.9644350 0.9991360 0.9263726 0.9277593 0.9326924 0.9266714 1.0547140 1.0567421 0.9885529 1.0285536 0.9534120 0.9290732 0.9267963 0.8998442 0.9099232 0.9685430 0.9651393 0.9136436 0.9257714 1.0526916 1.1049002 1.1119115 1.1059210 1.0983560 1.1442720 1.1260365 1.1413305 1.1167417 1.0215269 1.0268073 1.0882672 0.9744414 1.1129120 1.1333913 1.0708736 1.0698600 1.2070294 1.2086421 1.2623135 1.1665906 1.0912057 1.1530264 1.1390178 1.1626662 1.0853269 1.0880943 1.2272048 1.2175512 1.2264661 1.1588954 1.1588954 1.0885584 1.1897472 1.2094742 1.2094742 1.2406942 1.3410230 1.3410230 1.3896252 1.3810100 1.3649262 1.3354087 1.3938125 1.3893820 1.5329488 1.2498430 1.2498430 1.1785954 1.1785954 1.2966965 1.2848954 1.3112224 1.3209882 1.3599559 1.1828222 1.4508006 1.4509228 1.4509228 1.2865423 1.2796316 1.3232144 1.2036211 1.1950638 1.2092470 1.1494764 1.2538720 1.3317322 1.3317322 1.3927963 1.5903428 1.4797422 1.3986351 
XP_010510418.1|Camelina_sativa                                              0.2969459 0.2684789 0.2684789 0.2792086 0.2792086 0.2848220 0.2848220 0.2869984 0.2869984 0.3485068 0.3299559 0.3299559 0.3499543 0.3499543 0.3566974 0.3566974 0.3263552 0.3263552 0.0587531 0.0000000 0.0785080 0.1294342 0.1524571 0.6206169 1.1605613 1.1605613 1.2729214 1.2008972 1.1721939 1.1793088 1.1721939 1.1793088 1.1796517 1.1724881 1.1920527 1.0662084 1.0998997 1.1829355 1.1407806 1.1649725 1.1498799 1.0993964 1.1125149 1.1148930 1.1798516 1.1596204 1.1442188 1.1237184 1.2167980 1.2339111 1.2376596 1.2531468 1.2593040 1.1211391 1.0546953 1.0379893 1.0757231 1.0606294 1.0606294 1.0109584 1.0109584 1.0313726 1.0159801 0.9849534 0.9901002 1.0097977 1.1265225 1.1452528 1.0620803 1.0999169 1.0187644 0.9953475 0.9935660 0.9595448 1.0067465 1.0362751 1.0218386 0.9675434 0.9769505 1.1083120 1.1712203 1.1401645 1.1341463 1.1264274 1.1677045 1.1377501 1.1717860 1.1680000 1.0725559 1.0781148 1.1383807 1.0157668 1.1705545 1.1968634 1.1599190 1.1590390 1.2463746 1.2428367 1.3517515 1.2521071 1.1518194 1.2958300 1.2809929 1.3365305 1.1347702 1.1644071 1.2779026 1.3182415 1.2742977 1.2000208 1.2000208 1.1533299 1.2863602 1.2845937 1.2845937 1.3012812 1.4073870 1.4073870 1.4515484 1.4634214 1.4754205 1.4273878 1.4477075 1.4465495 1.5927140 1.3314749 1.3314749 1.2573964 1.2573964 1.3469217 1.3559394 1.3619773 1.3722840 1.4073027 1.2738450 1.4596750 1.5030472 1.5030472 1.3321672 1.3189024 1.3693692 1.2686799 1.2529884 1.2675373 1.2319441 1.2909297 1.3756634 1.3756634 1.4644028 1.7289916 1.6098305 1.4880715 
XP_010466414.1|Camelina_sativa                                              0.2711161 0.2504687 0.2504687 0.2589505 0.2589505 0.2638780 0.2638780 0.2597222 0.2597222 0.3107729 0.2998598 0.2998598 0.3220264 0.3220264 0.3251105 0.3251105 0.2920282 0.2920282 0.0551444 0.0785080 0.0000000 0.1357596 0.1503312 0.6127938 1.1128455 1.1128455 1.2106264 1.1375802 1.1269381 1.1338591 1.1269381 1.1338591 1.1551158 1.1480575 1.1466573 1.0498461 1.0695580 1.1421351 1.0856233 1.1188568 1.1084589 1.0571883 1.0676728 1.0651916 1.1542784 1.1409138 1.1203556 1.1058400 1.1882818 1.1980166 1.1943329 1.2038094 1.2324186 1.0484871 1.0187317 1.0027204 1.0252819 1.0087731 1.0087731 0.9721884 0.9721884 1.0119225 0.9604388 0.9641046 0.9691912 0.9686589 1.0979513 1.0916900 1.0494039 1.0834842 0.9626521 0.9384452 0.9361455 0.9091535 0.9390510 0.9717632 0.9644985 0.9229013 0.9349540 1.0612728 1.1161994 1.1084945 1.1025881 1.0951423 1.1552742 1.1252333 1.1140676 1.1067637 1.0316026 1.0368887 1.0866732 0.9710130 1.1469184 1.1905656 1.1024128 1.1014542 1.2263776 1.2247756 1.2447076 1.1502817 1.1245391 1.1893344 1.1752821 1.2275321 1.0941444 1.1152487 1.2538991 1.2582048 1.2746776 1.1934383 1.1934383 1.1594263 1.2117766 1.2144222 1.2144222 1.2533269 1.3732470 1.3732470 1.4082200 1.4174778 1.4172552 1.3793415 1.4182667 1.4107675 1.5708948 1.2906035 1.2906035 1.2150621 1.2150621 1.3539524 1.3058426 1.3471456 1.3552721 1.3824597 1.2192351 1.4984058 1.5003342 1.5003342 1.3066458 1.2916238 1.3407587 1.2473674 1.2278492 1.2377157 1.1680196 1.2837603 1.3334622 1.3334622 1.4262876 1.6258706 1.5852253 1.4613676 
XP_010490292.2|Camelina_sativa                                              0.3360080 0.3217738 0.3217738 0.3338178 0.3338178 0.3392769 0.3392769 0.3224246 0.3224246 0.3798038 0.3639045 0.3639045 0.3764370 0.3764370 0.3833538 0.3833538 0.3610941 0.3610941 0.1210535 0.1294342 0.1357596 0.0000000 0.2209565 0.6727886 1.1937043 1.1937043 1.3143101 1.2482071 1.2234282 1.2310049 1.2234282 1.2310049 1.2666770 1.2589222 1.2508574 1.1535487 1.1724527 1.2298680 1.1961673 1.2317445 1.2157353 1.1629744 1.1766594 1.1708890 1.2709249 1.2398539 1.2092584 1.1893576 1.3447637 1.2834944 1.2783854 1.2795049 1.3084399 1.1954770 1.1375915 1.1253514 1.1440103 1.0947263 1.0947263 1.0390263 1.0390263 1.0887952 1.0726158 1.0527794 1.0583920 1.0533867 1.1565882 1.1863964 1.1216065 1.1240033 1.0553090 1.0286914 1.0259076 1.0003496 1.0221751 1.0297347 1.0062724 1.0294417 1.0384256 1.1888758 1.2348820 1.2152963 1.2142355 1.1966171 1.2400056 1.1931138 1.2364425 1.2280275 1.1232480 1.1148907 1.1929576 1.0613397 1.2321673 1.2146440 1.1873228 1.1762182 1.2944305 1.2563883 1.3704192 1.2622084 1.2062230 1.2743429 1.2614509 1.2874161 1.1762257 1.2040621 1.3647962 1.3693332 1.3092693 1.2358969 1.2358969 1.2153140 1.2660139 1.3235489 1.3235489 1.3539405 1.4354670 1.4354670 1.5109461 1.5106438 1.5080710 1.4653931 1.5349285 1.5142845 1.6623099 1.3997062 1.3997062 1.3236074 1.3236074 1.4445078 1.4277385 1.4440708 1.4671049 1.4908759 1.3154872 1.5414691 1.5529637 1.5529637 1.3737086 1.3688550 1.4153207 1.2982491 1.2939924 1.2855825 1.2607601 1.3532925 1.4255162 1.4255162 1.4198247 1.6488021 1.6577007 1.4941162 
XP_023642198.1|Capsella_rubella                                             0.2927207 0.2767292 0.2767292 0.2746034 0.2746034 0.2872440 0.2872440 0.2618205 0.2618205 0.3415604 0.3099302 0.3099302 0.3211370 0.3211370 0.3302582 0.3302582 0.3082906 0.3082906 0.1355983 0.1524571 0.1503312 0.2209565 0.0000000 0.6378650 1.1426294 1.1426294 1.2526561 1.1477247 1.1540245 1.1610361 1.1540245 1.1610361 1.1759169 1.1688149 1.1177865 1.0696349 1.0866075 1.1526201 1.1070936 1.1426314 1.1429477 1.0825155 1.0901997 1.0942063 1.2049947 1.1843508 1.1392649 1.0771640 1.2109590 1.2245401 1.2187060 1.2406061 1.2555606 1.0532754 1.0126585 0.9969016 1.0195882 1.0466204 1.0466204 0.9755797 0.9755797 1.0271811 0.9894544 0.9532050 0.9582406 0.9777523 1.0975081 1.1015816 1.0499288 1.0959148 0.9655541 0.9508885 0.9574961 0.9257731 0.9802578 0.9842360 0.9779467 0.9563194 0.9476992 1.0760879 1.2030542 1.0825088 1.0767527 1.0798045 1.1015124 1.0943271 1.0826661 1.0768789 0.9983173 1.0013910 1.0464283 0.9684310 1.1514269 1.2066531 1.1301881 1.1245362 1.1984506 1.1843119 1.3053022 1.2119536 1.1091338 1.2312509 1.2168056 1.2656227 1.1141574 1.1432878 1.2174681 1.2678748 1.2687782 1.1801794 1.1801794 1.1458671 1.1835081 1.2408073 1.2408073 1.2792743 1.4393843 1.4393843 1.4187723 1.4144246 1.4110209 1.3804642 1.4390459 1.4217620 1.5573464 1.3263061 1.3263061 1.2487590 1.2487590 1.4228955 1.3269442 1.3711252 1.3938482 1.4262095 1.2582729 1.5042649 1.5265421 1.5265421 1.2692466 1.2546170 1.2909681 1.2175110 1.2158725 1.2262386 1.1879329 1.2446840 1.3251511 1.3251511 1.4099662 1.6299862 1.5194724 1.4366006 
XP_010524495.1|Tarenaya_hassleriana                                         0.4965348 0.5611818 0.5611818 0.5668074 0.5668074 0.5736574 0.5736574 0.5815069 0.5815069 0.5498351 0.5771104 0.5771104 0.5642219 0.5642219 0.5604465 0.5604465 0.5709643 0.5709643 0.5642455 0.6206169 0.6127938 0.6727886 0.6378650 0.0000000 1.0608721 1.0608721 1.1119558 1.0327090 1.0743269 1.0763664 1.0743269 1.0763664 1.0925740 1.0905226 1.0700885 0.9510999 0.9417157 1.0118930 0.9301954 0.9856121 1.0038055 0.9622025 0.9398148 0.9525990 1.0470718 1.0161073 1.0167533 0.9963451 1.0918421 1.1119992 1.1135143 1.1348584 1.1237341 0.9503725 0.9341497 0.9081033 0.8536792 0.8431892 0.8534380 0.8721070 0.8825071 0.8707789 0.8535239 0.8208314 0.8282209 0.8062762 0.9023579 0.8954282 0.9606353 0.9641546 0.9344355 0.9064039 0.9051431 0.8791577 0.8928721 0.9166068 0.9002312 0.8564641 0.8747166 0.9449914 1.0304125 0.9570716 0.9580946 0.9348080 1.0349587 1.0162397 1.0045521 0.9894211 0.9623598 0.9634543 1.0246442 0.9007440 0.9778142 1.1170238 0.9861456 0.9846054 1.0575260 1.1397600 1.2619453 1.1773622 1.0108378 1.0624238 1.0566784 1.1278485 0.9423229 1.0443205 1.1036501 1.0699539 1.0836053 1.0890503 1.0890503 1.0762619 1.0650280 1.1083165 1.1083165 1.1725857 1.0937217 1.0937217 1.2412909 1.2682493 1.2594235 1.2206058 1.3869445 1.2541244 1.4298904 1.2376117 1.2376117 1.1362659 1.1362659 1.2472093 1.2499381 1.2812943 1.2091573 1.2509955 1.0495636 1.3320606 1.4203157 1.4203157 1.2050576 1.2007267 1.2234956 1.1282779 1.1333737 1.1202448 1.1594554 1.2448420 1.1834186 1.1834186 1.2710718 1.6049100 1.5045879 1.3756537 
XP_020222022.2|Cajanus_cajan                                                1.0963726 1.1013172 1.1013172 1.1055201 1.1055201 1.1153170 1.1153170 1.1093891 1.1093891 1.1086076 1.0202219 1.0202219 1.0131478 1.0131478 1.0233879 1.0233879 1.0348996 1.0348996 1.0728911 1.1605613 1.1128455 1.1937043 1.1426294 1.0608721 0.0000000 0.0000010 0.0000010 0.2013968 0.2371934 0.2404279 0.2371934 0.2404279 0.2368034 0.2336154 0.3586333 0.4874145 0.5101215 0.5491452 0.6387417 0.5354204 0.5364156 0.5645927 0.5177046 0.5314716 0.5406874 0.5198515 0.6382595 0.5807022 0.6696121 0.6562330 0.6532070 0.6785070 0.6711729 0.7229218 0.6188724 0.6125021 0.6695229 0.6629606 0.6795379 0.6758952 0.6931188 0.6437883 0.7139683 0.7344188 0.7311315 0.7318374 0.7666188 0.7456539 0.7375123 0.7547033 0.6746387 0.6610979 0.6681325 0.6373363 0.7223920 0.7341605 0.7608549 0.7294749 0.7238563 0.7592940 0.7804362 0.7016252 0.7014492 0.7043640 0.7023480 0.7106051 0.7884997 0.7536668 0.6930314 0.6865383 0.7081398 0.6524809 0.6923299 0.7507712 0.6926479 0.6915000 0.8111432 0.7649788 0.8737487 0.8232387 0.7517105 0.8163675 0.8138172 0.8876915 0.7587648 0.7522614 0.8174281 0.9174945 0.8118228 0.8019191 0.8019191 0.7781644 0.7864542 0.8358879 0.8358879 0.8826096 0.7472031 0.7439413 0.9932502 0.9664578 0.9559229 0.9370621 1.0930339 1.0596883 1.1011992 0.9057721 0.9057721 0.9022171 0.8991796 0.9251412 0.8959772 0.9294752 0.9051604 0.9026741 0.8826061 1.1090388 1.1193999 1.1193999 0.9367298 0.9318691 0.9589340 0.9426108 0.9231593 0.8827983 1.0512170 0.9583765 0.9499889 0.9499889 1.1074922 1.3795128 1.1325816 1.2345969 
