153
NP_566689.2|Arabidopsis_thaliana                    0.0000000 0.1326817 0.1326817 0.1382258 0.1382258 0.1425292 0.1425292 0.1379840 0.1379840 0.1955948 0.2225367 0.2225367 0.2280717 0.2280717 0.2189941 0.2189941 0.2149448 0.2149448 0.2507576 0.3015405 0.2786511 0.3419981 0.3007378 0.5058167 1.0832435 1.0832435 1.1746139 1.0492501 1.0994568 1.1082198 1.0994568 1.1082198 1.1282034 1.1192437 1.0638816 0.9628618 0.9802772 1.0471873 1.0106975 0.9709866 0.9664451 1.0650963 1.0788957 1.0441674 1.0187255 1.0614070 1.0971491 1.1431581 1.1290944 1.1476540 1.1699989 0.9888012 0.9006643 0.8915617 0.9206471 0.8554445 0.8732008 0.8481719 0.8657083 0.9337832 0.8671210 0.8885895 0.8961010 0.9085870 1.0120204 1.0099455 0.9680245 0.9529948 0.9130613 0.9035923 0.9125210 0.8829381 0.8433564 0.8317127 0.8367039 0.8410788 0.8262900 0.8156817 0.8278999 0.8333770 1.0491940 1.0603244 1.0084845 1.0082211 1.0059131 1.0456103 1.0434151 1.0147478 1.0564700 0.9284000 0.9273378 0.9833248 0.9038779 1.0308191 1.0891852 1.0142518 1.0101723 1.1454975 1.2194937 1.2813081 1.2054295 0.9908724 1.1358209 1.1646593 1.1307099 0.9890208 1.0539340 1.1177147 1.1178021 1.1162142 1.1162142 1.1916315 1.1469567 1.0974068 1.0974068 1.1589199 1.0788174 1.3350607 1.3332352 1.1199520 1.2597543 1.2618473 1.2727025 1.2282833 1.2603264 1.2569033 1.3411627 1.2135974 1.2135974 1.1771775 1.1815615 1.3081922 1.2647839 1.3448880 1.3133722 1.3762022 1.2826660 1.3454229 1.3454229 1.1557233 1.2328490 1.2354588 1.2589186 1.1750247 1.1604114 1.1713570 1.1639804 1.2753414 1.2753414 1.3794227 1.6908990 1.4233065 1.5316309 
XP_010510437.1|Camelina_sativa                      0.1326817 0.0000000 0.0000010 0.0268850 0.0268850 0.0232090 0.0232090 0.0782863 0.0782863 0.2126554 0.2258467 0.2258467 0.2352256 0.2352256 0.2299312 0.2299312 0.2061960 0.2061960 0.2360789 0.2645647 0.2495381 0.3276130 0.2839169 0.5672564 1.0970316 1.0970316 1.1891769 1.0895478 1.1023820 1.1111470 1.1023820 1.1111470 1.1081221 1.0993072 1.0757817 0.9980342 1.0261454 1.0632563 1.0565118 1.0103881 1.0178059 1.0973433 1.0898806 1.0628000 1.0648428 1.0844155 1.0999555 1.1754654 1.1341956 1.1541067 1.2067463 1.0151229 0.9508015 0.9356775 0.9813132 0.9127040 0.9309396 0.8792095 0.8969510 0.9625615 0.9066794 0.9500156 0.9578304 0.9742990 1.0751646 1.0662188 1.0202892 1.0045611 0.9281062 0.9122135 0.9312516 0.8995601 0.9250986 0.9073547 0.9138717 0.9151424 0.8686720 0.8577401 0.8645762 0.8584480 1.0736198 1.1111730 1.0644132 1.0664746 1.0546609 1.0715905 1.0717602 1.0707463 1.0567245 0.9659755 0.9607176 1.0255721 0.9166361 1.0808276 1.1542151 1.0472700 1.0432115 1.2108936 1.1835349 1.3417540 1.2671455 1.0366970 1.1986561 1.2143556 1.1934482 1.0640899 1.0623584 1.1640815 1.1776567 1.1402816 1.1402816 1.2238480 1.2131524 1.1770573 1.1770573 1.1708005 1.1045522 1.2973638 1.2954529 1.1106071 1.2717052 1.2271502 1.2678520 1.2154465 1.3155792 1.2803316 1.3540566 1.2222468 1.2222468 1.2106308 1.2151344 1.3281453 1.2465177 1.3438660 1.3255660 1.4106669 1.3010230 1.3641633 1.3641633 1.1550131 1.2596148 1.2494986 1.2904017 1.1482772 1.1409077 1.1527098 1.2408468 1.3214765 1.3214765 1.4952217 1.6988490 1.4859301 1.5270056 
XP_010510430.1|Camelina_sativa                      0.1326817 0.0000010 0.0000000 0.0268850 0.0268850 0.0232090 0.0232090 0.0782863 0.0782863 0.2126554 0.2258467 0.2258467 0.2352256 0.2352256 0.2299312 0.2299312 0.2061960 0.2061960 0.2360789 0.2645647 0.2495381 0.3276130 0.2839169 0.5672564 1.0970316 1.0970316 1.1891769 1.0895478 1.1023820 1.1111470 1.1023820 1.1111470 1.1081221 1.0993072 1.0757817 0.9980342 1.0261454 1.0632563 1.0565118 1.0103881 1.0178059 1.0973433 1.0898806 1.0628000 1.0648428 1.0844155 1.0999555 1.1754654 1.1341956 1.1541067 1.2067463 1.0151229 0.9508015 0.9356775 0.9813132 0.9127040 0.9309396 0.8792095 0.8969510 0.9625615 0.9066794 0.9500156 0.9578304 0.9742990 1.0751646 1.0662188 1.0202892 1.0045611 0.9281062 0.9122135 0.9312516 0.8995601 0.9250986 0.9073547 0.9138717 0.9151424 0.8686720 0.8577401 0.8645762 0.8584480 1.0736198 1.1111730 1.0644132 1.0664746 1.0546609 1.0715905 1.0717602 1.0707463 1.0567245 0.9659755 0.9607176 1.0255721 0.9166361 1.0808276 1.1542151 1.0472700 1.0432115 1.2108936 1.1835349 1.3417540 1.2671455 1.0366970 1.1986561 1.2143556 1.1934482 1.0640899 1.0623584 1.1640815 1.1776567 1.1402816 1.1402816 1.2238480 1.2131524 1.1770573 1.1770573 1.1708005 1.1045522 1.2973638 1.2954529 1.1106071 1.2717052 1.2271502 1.2678520 1.2154465 1.3155792 1.2803316 1.3540566 1.2222468 1.2222468 1.2106308 1.2151344 1.3281453 1.2465177 1.3438660 1.3255660 1.4106669 1.3010230 1.3641633 1.3641633 1.1550131 1.2596148 1.2494986 1.2904017 1.1482772 1.1409077 1.1527098 1.2408468 1.3214765 1.3214765 1.4952217 1.6988490 1.4859301 1.5270056 
XP_019092715.1|Camelina_sativa                      0.1382258 0.0268850 0.0268850 0.0000000 0.0000010 0.0213300 0.0213300 0.0765397 0.0765397 0.2238144 0.2279189 0.2279189 0.2361089 0.2361089 0.2308465 0.2308465 0.2027167 0.2027167 0.2468537 0.2780119 0.2607086 0.3369673 0.2818274 0.5739842 1.1035242 1.1035242 1.1966818 1.0880005 1.1009841 1.1097773 1.1009841 1.1097773 1.0998509 1.0910853 1.0759282 0.9865241 1.0146862 1.0779907 1.0894373 1.0148742 1.0223683 1.1066978 1.0991539 1.0625630 1.0651809 1.0753663 1.1018960 1.1806399 1.1361188 1.1527998 1.1955527 1.0050486 0.9730390 0.9574162 1.0046531 0.9091561 0.9274166 0.8777664 0.8955633 0.9467713 0.9122143 0.9394461 0.9472047 0.9638744 1.0707152 1.0646661 1.0349357 1.0435566 0.9309611 0.9150583 0.9317881 0.8981404 0.9153108 0.8967664 0.9032850 0.8892262 0.8690237 0.8580537 0.8648878 0.8587382 1.0840641 1.1120473 1.0634413 1.0655056 1.0559498 1.0795947 1.0776017 1.0623163 1.0653091 0.9747548 0.9694521 1.0335121 0.9096079 1.0866592 1.1659748 1.0346235 1.0305497 1.2060152 1.2036088 1.3203168 1.2460901 1.0259207 1.1795516 1.1989206 1.1743742 1.0868006 1.0547306 1.1564916 1.1637478 1.1758106 1.1758106 1.2447082 1.2128681 1.1663112 1.1663112 1.1658855 1.1125766 1.2926595 1.2907381 1.1283525 1.2869167 1.2710918 1.2823142 1.2292822 1.3246223 1.2901926 1.3712309 1.2345830 1.2345830 1.2176052 1.2221566 1.3223142 1.2571601 1.3544134 1.3264841 1.3942863 1.2993990 1.3589753 1.3589753 1.1751951 1.2897921 1.2793279 1.3153293 1.1756271 1.1672796 1.1794859 1.2411118 1.3215732 1.3215732 1.5156348 1.6913023 1.5039036 1.5183259 
XP_010466411.1|Camelina_sativa                      0.1382258 0.0268850 0.0268850 0.0000010 0.0000000 0.0213300 0.0213300 0.0765397 0.0765397 0.2238144 0.2279189 0.2279189 0.2361089 0.2361089 0.2308465 0.2308465 0.2027167 0.2027167 0.2468537 0.2780119 0.2607086 0.3369673 0.2818274 0.5739842 1.1035242 1.1035242 1.1966818 1.0880005 1.1009841 1.1097773 1.1009841 1.1097773 1.0998509 1.0910853 1.0759282 0.9865241 1.0146862 1.0779907 1.0894373 1.0148742 1.0223683 1.1066978 1.0991539 1.0625630 1.0651809 1.0753663 1.1018960 1.1806399 1.1361188 1.1527998 1.1955527 1.0050486 0.9730390 0.9574162 1.0046531 0.9091561 0.9274166 0.8777664 0.8955633 0.9467713 0.9122143 0.9394461 0.9472047 0.9638744 1.0707152 1.0646661 1.0349357 1.0435566 0.9309611 0.9150583 0.9317881 0.8981404 0.9153108 0.8967664 0.9032850 0.8892262 0.8690237 0.8580537 0.8648878 0.8587382 1.0840641 1.1120473 1.0634413 1.0655056 1.0559498 1.0795947 1.0776017 1.0623163 1.0653091 0.9747548 0.9694521 1.0335121 0.9096079 1.0866592 1.1659748 1.0346235 1.0305497 1.2060152 1.2036088 1.3203168 1.2460901 1.0259207 1.1795516 1.1989206 1.1743742 1.0868006 1.0547306 1.1564916 1.1637478 1.1758106 1.1758106 1.2447082 1.2128681 1.1663112 1.1663112 1.1658855 1.1125766 1.2926595 1.2907381 1.1283525 1.2869167 1.2710918 1.2823142 1.2292822 1.3246223 1.2901926 1.3712309 1.2345830 1.2345830 1.2176052 1.2221566 1.3223142 1.2571601 1.3544134 1.3264841 1.3942863 1.2993990 1.3589753 1.3589753 1.1751951 1.2897921 1.2793279 1.3153293 1.1756271 1.1672796 1.1794859 1.2411118 1.3215732 1.3215732 1.5156348 1.6913023 1.5039036 1.5183259 
XP_010488183.1|Camelina_sativa                      0.1425292 0.0232090 0.0232090 0.0213300 0.0213300 0.0000000 0.0000010 0.0839897 0.0839897 0.2266226 0.2279623 0.2279623 0.2385809 0.2385809 0.2333076 0.2333076 0.2065416 0.2065416 0.2544847 0.2835196 0.2655516 0.3457028 0.2972927 0.5807840 1.1130906 1.1130906 1.2077547 1.0976529 1.1065513 1.1153769 1.1065513 1.1153769 1.1049303 1.0961090 1.0861502 0.9882549 1.0142732 1.0762052 1.0911104 1.0258947 1.0334531 1.1069526 1.0994240 1.0664302 1.0688499 1.0830790 1.1025696 1.1777834 1.1386947 1.1457784 1.2038040 1.0189935 0.9656397 0.9501511 1.0142769 0.9205504 0.9389419 0.8926331 0.9106017 0.9564056 0.9025437 0.9645930 0.9725497 0.9892328 1.0935342 1.0866169 1.0592751 1.0431016 0.9356238 0.9196178 0.9364742 0.9026488 0.9226607 0.8976150 0.9041384 0.9154720 0.8806019 0.8695242 0.8764252 0.8740026 1.0806025 1.1273762 1.0802501 1.0823579 1.0725169 1.0867941 1.0847696 1.0785247 1.0811451 0.9849720 0.9796450 1.0443733 0.9286900 1.0906521 1.1790027 1.0540193 1.0499487 1.2055403 1.2045186 1.3384510 1.2636320 1.0400697 1.2008411 1.2102741 1.1955995 1.0755544 1.0645307 1.1599988 1.1710269 1.1691668 1.1691668 1.2524311 1.2172454 1.1752021 1.1752021 1.1763248 1.1255075 1.3172552 1.3153865 1.1352687 1.2947903 1.2478913 1.2938319 1.2403816 1.3387876 1.3067435 1.3778432 1.2503302 1.2503302 1.2240224 1.2286038 1.3417524 1.2811179 1.3644471 1.3349881 1.4003584 1.3048713 1.3659826 1.3659826 1.1696796 1.3004994 1.2899235 1.3295443 1.1855523 1.1788273 1.1911917 1.2454358 1.3275943 1.3275943 1.5022624 1.7007407 1.5162636 1.5493597 
XP_010488182.1|Camelina_sativa                      0.1425292 0.0232090 0.0232090 0.0213300 0.0213300 0.0000010 0.0000000 0.0839897 0.0839897 0.2266226 0.2279623 0.2279623 0.2385809 0.2385809 0.2333076 0.2333076 0.2065416 0.2065416 0.2544847 0.2835196 0.2655516 0.3457028 0.2972927 0.5807840 1.1130906 1.1130906 1.2077547 1.0976529 1.1065513 1.1153769 1.1065513 1.1153769 1.1049303 1.0961090 1.0861502 0.9882549 1.0142732 1.0762052 1.0911104 1.0258947 1.0334531 1.1069526 1.0994240 1.0664302 1.0688499 1.0830790 1.1025696 1.1777834 1.1386947 1.1457784 1.2038040 1.0189935 0.9656397 0.9501511 1.0142769 0.9205504 0.9389419 0.8926331 0.9106017 0.9564056 0.9025437 0.9645930 0.9725497 0.9892328 1.0935342 1.0866169 1.0592751 1.0431016 0.9356238 0.9196178 0.9364742 0.9026488 0.9226607 0.8976150 0.9041384 0.9154720 0.8806019 0.8695242 0.8764252 0.8740026 1.0806025 1.1273762 1.0802501 1.0823579 1.0725169 1.0867941 1.0847696 1.0785247 1.0811451 0.9849720 0.9796450 1.0443733 0.9286900 1.0906521 1.1790027 1.0540193 1.0499487 1.2055403 1.2045186 1.3384510 1.2636320 1.0400697 1.2008411 1.2102741 1.1955995 1.0755544 1.0645307 1.1599988 1.1710269 1.1691668 1.1691668 1.2524311 1.2172454 1.1752021 1.1752021 1.1763248 1.1255075 1.3172552 1.3153865 1.1352687 1.2947903 1.2478913 1.2938319 1.2403816 1.3387876 1.3067435 1.3778432 1.2503302 1.2503302 1.2240224 1.2286038 1.3417524 1.2811179 1.3644471 1.3349881 1.4003584 1.3048713 1.3659826 1.3659826 1.1696796 1.3004994 1.2899235 1.3295443 1.1855523 1.1788273 1.1911917 1.2454358 1.3275943 1.3275943 1.5022624 1.7007407 1.5162636 1.5493597 
XP_023641807.1|Capsella_rubella                     0.1379840 0.0782863 0.0782863 0.0765397 0.0765397 0.0839897 0.0839897 0.0000000 0.0000010 0.2008589 0.2221461 0.2221461 0.2161773 0.2161773 0.2126731 0.2126731 0.1983087 0.1983087 0.2410949 0.2892336 0.2623709 0.3292259 0.2768643 0.5814021 1.0937888 1.0937888 1.1865603 1.0936170 1.1461701 1.1552875 1.1461701 1.1552875 1.1457975 1.1366956 1.0756464 0.9939334 1.0210117 1.0712640 1.0697391 1.0141760 1.0066508 1.1408089 1.1246855 1.0785323 1.0676831 1.1280658 1.0955033 1.1728801 1.1266652 1.1406781 1.1790312 0.9993484 0.9460760 0.9384044 0.9925854 0.8983324 0.9164954 0.8671649 0.8847949 0.9551918 0.9060535 0.9339548 0.9417253 0.9740468 1.0660773 1.0593799 1.0895783 1.0698388 0.9187024 0.9029091 0.9233886 0.8893747 0.9254156 0.9382838 0.9448334 0.9463039 0.8888032 0.8776051 0.8747379 0.8685197 1.0929593 1.1158022 1.0699009 1.0719864 1.0621565 1.0948536 1.0907447 1.0721089 1.0539936 0.9375753 0.9360240 1.0100268 0.9197849 1.0795032 1.1649520 1.0380625 1.0339851 1.1920395 1.1846924 1.2964451 1.2175714 1.0182334 1.1960150 1.2220834 1.1907626 1.0487143 1.0361017 1.1309755 1.1896596 1.1408131 1.1408131 1.2220466 1.1567673 1.1564022 1.1564022 1.1706303 1.1022766 1.3001539 1.2982541 1.0601847 1.3082950 1.2910922 1.3172530 1.2598028 1.3435046 1.3237850 1.3960577 1.2927799 1.2927799 1.2638380 1.2686301 1.3479909 1.2728582 1.3762841 1.3332546 1.4082390 1.2953131 1.3804201 1.3804201 1.1792724 1.2505854 1.2405219 1.2676603 1.1307947 1.1302278 1.1385252 1.2772070 1.2939733 1.2939733 1.4862830 1.6899342 1.4838779 1.5798505 
XP_023641806.1|Capsella_rubella                     0.1379840 0.0782863 0.0782863 0.0765397 0.0765397 0.0839897 0.0839897 0.0000010 0.0000000 0.2008589 0.2221461 0.2221461 0.2161773 0.2161773 0.2126731 0.2126731 0.1983087 0.1983087 0.2410949 0.2892336 0.2623709 0.3292259 0.2768643 0.5814021 1.0937888 1.0937888 1.1865603 1.0936170 1.1461701 1.1552875 1.1461701 1.1552875 1.1457975 1.1366956 1.0756464 0.9939334 1.0210117 1.0712640 1.0697391 1.0141760 1.0066508 1.1408089 1.1246855 1.0785323 1.0676831 1.1280658 1.0955033 1.1728801 1.1266652 1.1406781 1.1790312 0.9993484 0.9460760 0.9384044 0.9925854 0.8983324 0.9164954 0.8671649 0.8847949 0.9551918 0.9060535 0.9339548 0.9417253 0.9740468 1.0660773 1.0593799 1.0895783 1.0698388 0.9187024 0.9029091 0.9233886 0.8893747 0.9254156 0.9382838 0.9448334 0.9463039 0.8888032 0.8776051 0.8747379 0.8685197 1.0929593 1.1158022 1.0699009 1.0719864 1.0621565 1.0948536 1.0907447 1.0721089 1.0539936 0.9375753 0.9360240 1.0100268 0.9197849 1.0795032 1.1649520 1.0380625 1.0339851 1.1920395 1.1846924 1.2964451 1.2175714 1.0182334 1.1960150 1.2220834 1.1907626 1.0487143 1.0361017 1.1309755 1.1896596 1.1408131 1.1408131 1.2220466 1.1567673 1.1564022 1.1564022 1.1706303 1.1022766 1.3001539 1.2982541 1.0601847 1.3082950 1.2910922 1.3172530 1.2598028 1.3435046 1.3237850 1.3960577 1.2927799 1.2927799 1.2638380 1.2686301 1.3479909 1.2728582 1.3762841 1.3332546 1.4082390 1.2953131 1.3804201 1.3804201 1.1792724 1.2505854 1.2405219 1.2676603 1.1307947 1.1302278 1.1385252 1.2772070 1.2939733 1.2939733 1.4862830 1.6899342 1.4838779 1.5798505 
XP_006406249.1|Eutrema_salsugineum                  0.1955948 0.2126554 0.2126554 0.2238144 0.2238144 0.2266226 0.2266226 0.2008589 0.2008589 0.0000000 0.2138842 0.2138842 0.1994721 0.1994721 0.1997842 0.1997842 0.1878616 0.1878616 0.2925139 0.3387920 0.3076612 0.3821325 0.3414448 0.5568986 1.1309917 1.1309917 1.2285720 1.1239713 1.1209020 1.1298767 1.1209020 1.1298767 1.1417770 1.1327024 1.1042914 1.0057578 1.0166292 1.0722468 1.0211581 0.9936848 0.9862885 1.0875308 1.0898033 1.0512196 1.0578577 1.0923878 1.0896853 1.2031521 1.1394238 1.1563961 1.2077340 1.0369630 0.9531984 0.9433895 0.9651326 0.8879586 0.9089980 0.8770764 0.8978572 0.9135923 0.9145086 0.9417290 0.9495211 0.9548871 1.0435561 1.0449922 1.0276841 1.0148813 0.9057694 0.8815350 0.9022799 0.8663011 0.8878896 0.8601648 0.8722791 0.8590178 0.8827745 0.8715766 0.8784026 0.8841303 1.0768402 1.1340012 1.0196836 1.0021694 1.0147543 1.0746773 1.0878499 1.0373235 1.0558548 0.9627864 0.9453374 1.0056730 0.9117435 1.0328501 1.1608646 1.0217055 1.0130739 1.1482107 1.2142466 1.2468134 1.1811044 1.0579579 1.1503447 1.1643614 1.1452101 1.0108637 1.0720258 1.1623649 1.1563136 1.0595240 1.0595240 1.1580217 1.1305900 1.1128794 1.1128794 1.1367582 1.1592454 1.2581965 1.2520466 1.1607647 1.2641826 1.3009470 1.2961496 1.2594613 1.3478661 1.3010237 1.4101415 1.2832958 1.2832958 1.2349705 1.2316189 1.3551628 1.3474998 1.3609991 1.3404031 1.4140751 1.3255724 1.3877598 1.3877598 1.1594861 1.2748120 1.2626506 1.2900164 1.2158587 1.2070863 1.1976823 1.2919910 1.2840771 1.2840771 1.3232501 1.6174472 1.5717384 1.5948069 
XP_013692606.1|Brassica_napus                       0.2225367 0.2258467 0.2258467 0.2279189 0.2279189 0.2279623 0.2279623 0.2221461 0.2221461 0.2138842 0.0000000 0.0000010 0.0504245 0.0504245 0.0446348 0.0446348 0.0822413 0.0822413 0.2918919 0.3454365 0.3122147 0.3860443 0.3316624 0.5965532 1.0451137 1.0451137 1.1311219 1.0364832 1.0734420 1.0827349 1.0734420 1.0827349 1.0914452 1.0820466 1.0621513 1.0101444 1.0294787 1.0574619 1.1020262 1.0398021 1.0361041 1.0802510 1.0664434 1.0354456 1.0046667 1.0730423 1.0774745 1.1745478 1.1346195 1.1618019 1.1694085 1.0124610 0.9539454 0.9344483 0.9558285 0.8639922 0.8772794 0.8784793 0.8917669 0.9204309 0.8920364 0.9410403 0.9503553 0.9468440 1.0677146 1.0668066 1.0361277 1.0114528 0.9399663 0.9291135 0.9292259 0.9109668 0.9222766 0.9064572 0.9130578 0.9053781 0.8677068 0.8640066 0.8735148 0.8710736 1.0536245 1.0660410 1.0461661 1.0284387 1.0322747 1.0442317 1.0518570 1.0655377 1.0261992 0.9334209 0.9188618 1.0269090 0.8996036 1.0264255 1.1469074 0.9863934 0.9863934 1.0998175 1.2068471 1.2322909 1.1675821 1.0502467 1.2561834 1.2946637 1.2515441 1.0219495 1.0410560 1.1729484 1.1410913 1.0995433 1.0995433 1.1948813 1.2138642 1.1675862 1.1675862 1.1970935 1.1482721 1.2951319 1.3002701 1.2426884 1.2838469 1.2607790 1.2751403 1.2212595 1.3667425 1.3090362 1.3912815 1.2381949 1.2381949 1.1605322 1.1648153 1.3514678 1.3132197 1.3206707 1.2944445 1.3667669 1.3486475 1.3873711 1.3873711 1.2087093 1.2687541 1.2692934 1.3037503 1.2338580 1.2194586 1.2066136 1.2682738 1.2911897 1.2911897 1.3139518 1.5680979 1.4781274 1.4621651 
XP_013692605.1|Brassica_napus                       0.2225367 0.2258467 0.2258467 0.2279189 0.2279189 0.2279623 0.2279623 0.2221461 0.2221461 0.2138842 0.0000010 0.0000000 0.0504245 0.0504245 0.0446348 0.0446348 0.0822413 0.0822413 0.2918919 0.3454365 0.3122147 0.3860443 0.3316624 0.5965532 1.0451137 1.0451137 1.1311219 1.0364832 1.0734420 1.0827349 1.0734420 1.0827349 1.0914452 1.0820466 1.0621513 1.0101444 1.0294787 1.0574619 1.1020262 1.0398021 1.0361041 1.0802510 1.0664434 1.0354456 1.0046667 1.0730423 1.0774745 1.1745478 1.1346195 1.1618019 1.1694085 1.0124610 0.9539454 0.9344483 0.9558285 0.8639922 0.8772794 0.8784793 0.8917669 0.9204309 0.8920364 0.9410403 0.9503553 0.9468440 1.0677146 1.0668066 1.0361277 1.0114528 0.9399663 0.9291135 0.9292259 0.9109668 0.9222766 0.9064572 0.9130578 0.9053781 0.8677068 0.8640066 0.8735148 0.8710736 1.0536245 1.0660410 1.0461661 1.0284387 1.0322747 1.0442317 1.0518570 1.0655377 1.0261992 0.9334209 0.9188618 1.0269090 0.8996036 1.0264255 1.1469074 0.9863934 0.9863934 1.0998175 1.2068471 1.2322909 1.1675821 1.0502467 1.2561834 1.2946637 1.2515441 1.0219495 1.0410560 1.1729484 1.1410913 1.0995433 1.0995433 1.1948813 1.2138642 1.1675862 1.1675862 1.1970935 1.1482721 1.2951319 1.3002701 1.2426884 1.2838469 1.2607790 1.2751403 1.2212595 1.3667425 1.3090362 1.3912815 1.2381949 1.2381949 1.1605322 1.1648153 1.3514678 1.3132197 1.3206707 1.2944445 1.3667669 1.3486475 1.3873711 1.3873711 1.2087093 1.2687541 1.2692934 1.3037503 1.2338580 1.2194586 1.2066136 1.2682738 1.2911897 1.2911897 1.3139518 1.5680979 1.4781274 1.4621651 
XP_013743114.1|Brassica_napus                       0.2280717 0.2352256 0.2352256 0.2361089 0.2361089 0.2385809 0.2385809 0.2161773 0.2161773 0.1994721 0.0504245 0.0504245 0.0000000 0.0000010 0.0089282 0.0089282 0.0804572 0.0804572 0.3041784 0.3594677 0.3285520 0.3984323 0.3405241 0.5845936 1.0380574 1.0380574 1.1237329 1.0244862 1.0632497 1.0725152 1.0632497 1.0725152 1.0953954 1.0859332 1.0495656 0.9983654 1.0055627 1.0338955 1.0662612 0.9944110 0.9874441 1.0712570 1.0576801 1.0262692 1.0051801 1.0870553 1.0508763 1.1247440 1.1029488 1.1294255 1.1559786 1.0029200 0.9388053 0.9246249 0.9510279 0.8633147 0.8767003 0.8570894 0.8703356 0.9233158 0.8851355 0.9174175 0.9266253 0.9333925 1.0585335 1.0591368 1.0276861 1.0074261 0.9466812 0.9356711 0.9315352 0.9106443 0.9245446 0.8826140 0.8890075 0.8808329 0.8432714 0.8396363 0.8490164 0.8466260 1.0398493 1.0441776 1.0476236 1.0297667 1.0429078 1.0538179 1.0652748 1.0842969 1.0399580 0.9494240 0.9358725 1.0405884 0.9273351 1.0290890 1.1378817 0.9753318 0.9753318 1.0991129 1.2129712 1.2173712 1.1527052 1.0672948 1.2368382 1.2729276 1.2322092 1.0070790 1.0491221 1.1684561 1.1618017 1.1194425 1.1194425 1.2041762 1.1799004 1.1526426 1.1526426 1.1820446 1.1560785 1.2785717 1.2836342 1.2388013 1.2548094 1.2293503 1.2401891 1.2006210 1.3356488 1.2787114 1.3736662 1.2530063 1.2530063 1.1823608 1.1867482 1.3318157 1.2971240 1.3296001 1.2317786 1.3147160 1.3661120 1.3953209 1.3953209 1.2213674 1.2712746 1.2718174 1.3064555 1.2365862 1.2136380 1.2000314 1.2450496 1.2881646 1.2881646 1.3028140 1.5948924 1.5078795 1.4757759 
XP_013743113.1|Brassica_napus                       0.2280717 0.2352256 0.2352256 0.2361089 0.2361089 0.2385809 0.2385809 0.2161773 0.2161773 0.1994721 0.0504245 0.0504245 0.0000010 0.0000000 0.0089282 0.0089282 0.0804572 0.0804572 0.3041784 0.3594677 0.3285520 0.3984323 0.3405241 0.5845936 1.0380574 1.0380574 1.1237329 1.0244862 1.0632497 1.0725152 1.0632497 1.0725152 1.0953954 1.0859332 1.0495656 0.9983654 1.0055627 1.0338955 1.0662612 0.9944110 0.9874441 1.0712570 1.0576801 1.0262692 1.0051801 1.0870553 1.0508763 1.1247440 1.1029488 1.1294255 1.1559786 1.0029200 0.9388053 0.9246249 0.9510279 0.8633147 0.8767003 0.8570894 0.8703356 0.9233158 0.8851355 0.9174175 0.9266253 0.9333925 1.0585335 1.0591368 1.0276861 1.0074261 0.9466812 0.9356711 0.9315352 0.9106443 0.9245446 0.8826140 0.8890075 0.8808329 0.8432714 0.8396363 0.8490164 0.8466260 1.0398493 1.0441776 1.0476236 1.0297667 1.0429078 1.0538179 1.0652748 1.0842969 1.0399580 0.9494240 0.9358725 1.0405884 0.9273351 1.0290890 1.1378817 0.9753318 0.9753318 1.0991129 1.2129712 1.2173712 1.1527052 1.0672948 1.2368382 1.2729276 1.2322092 1.0070790 1.0491221 1.1684561 1.1618017 1.1194425 1.1194425 1.2041762 1.1799004 1.1526426 1.1526426 1.1820446 1.1560785 1.2785717 1.2836342 1.2388013 1.2548094 1.2293503 1.2401891 1.2006210 1.3356488 1.2787114 1.3736662 1.2530063 1.2530063 1.1823608 1.1867482 1.3318157 1.2971240 1.3296001 1.2317786 1.3147160 1.3661120 1.3953209 1.3953209 1.2213674 1.2712746 1.2718174 1.3064555 1.2365862 1.2136380 1.2000314 1.2450496 1.2881646 1.2881646 1.3028140 1.5948924 1.5078795 1.4757759 
XP_009145469.1|Brassica_rapa                        0.2189941 0.2299312 0.2299312 0.2308465 0.2308465 0.2333076 0.2333076 0.2126731 0.2126731 0.1997842 0.0446348 0.0446348 0.0089282 0.0089282 0.0000000 0.0000010 0.0720916 0.0720916 0.3045806 0.3632605 0.3294495 0.3996205 0.3442637 0.5681190 1.0347627 1.0347627 1.1202381 1.0217083 1.0552518 1.0644840 1.0552518 1.0644840 1.0829337 1.0735269 1.0450626 0.9981749 1.0118758 1.0432082 1.0689974 1.0077882 1.0007277 1.0587308 1.0527341 1.0211033 0.9978059 1.0755898 1.0362785 1.1258279 1.1115814 1.1383913 1.1526677 0.9953770 0.9248700 0.9108954 0.9326640 0.8474311 0.8606961 0.8496995 0.8628786 0.9217458 0.8684647 0.9126338 0.9218148 0.9285758 1.0503986 1.0510264 1.0208604 0.9952074 0.9260852 0.9152681 0.9111953 0.8903930 0.9232055 0.8890268 0.8954542 0.8872045 0.8427248 0.8390836 0.8484805 0.8460862 1.0271310 1.0255224 1.0414993 1.0236329 1.0368174 1.0558362 1.0673183 1.0754414 1.0458215 0.9402118 0.9323202 1.0410667 0.9205765 1.0326245 1.1198026 0.9713525 0.9713525 1.0873258 1.2002366 1.2271417 1.1621856 1.0678705 1.2365759 1.2726870 1.2319383 0.9990882 1.0266824 1.1537891 1.1271505 1.1127660 1.1127660 1.1961108 1.1669966 1.1521952 1.1521952 1.1689501 1.1666938 1.2643717 1.2693684 1.2321311 1.2601038 1.2212641 1.2455254 1.1926791 1.3409463 1.2658289 1.3776110 1.2486928 1.2486928 1.1730149 1.1773777 1.3255510 1.2878531 1.3235213 1.2355113 1.3186341 1.3651731 1.3945116 1.3945116 1.2209062 1.2531779 1.2537109 1.2880406 1.2177093 1.1973103 1.1821702 1.2203387 1.2845374 1.2845374 1.2997245 1.5622705 1.4969007 1.4588888 
XP_009145467.1|Brassica_rapa                        0.2189941 0.2299312 0.2299312 0.2308465 0.2308465 0.2333076 0.2333076 0.2126731 0.2126731 0.1997842 0.0446348 0.0446348 0.0089282 0.0089282 0.0000010 0.0000000 0.0720916 0.0720916 0.3045806 0.3632605 0.3294495 0.3996205 0.3442637 0.5681190 1.0347627 1.0347627 1.1202381 1.0217083 1.0552518 1.0644840 1.0552518 1.0644840 1.0829337 1.0735269 1.0450626 0.9981749 1.0118758 1.0432082 1.0689974 1.0077882 1.0007277 1.0587308 1.0527341 1.0211033 0.9978059 1.0755898 1.0362785 1.1258279 1.1115814 1.1383913 1.1526677 0.9953770 0.9248700 0.9108954 0.9326640 0.8474311 0.8606961 0.8496995 0.8628786 0.9217458 0.8684647 0.9126338 0.9218148 0.9285758 1.0503986 1.0510264 1.0208604 0.9952074 0.9260852 0.9152681 0.9111953 0.8903930 0.9232055 0.8890268 0.8954542 0.8872045 0.8427248 0.8390836 0.8484805 0.8460862 1.0271310 1.0255224 1.0414993 1.0236329 1.0368174 1.0558362 1.0673183 1.0754414 1.0458215 0.9402118 0.9323202 1.0410667 0.9205765 1.0326245 1.1198026 0.9713525 0.9713525 1.0873258 1.2002366 1.2271417 1.1621856 1.0678705 1.2365759 1.2726870 1.2319383 0.9990882 1.0266824 1.1537891 1.1271505 1.1127660 1.1127660 1.1961108 1.1669966 1.1521952 1.1521952 1.1689501 1.1666938 1.2643717 1.2693684 1.2321311 1.2601038 1.2212641 1.2455254 1.1926791 1.3409463 1.2658289 1.3776110 1.2486928 1.2486928 1.1730149 1.1773777 1.3255510 1.2878531 1.3235213 1.2355113 1.3186341 1.3651731 1.3945116 1.3945116 1.2209062 1.2531779 1.2537109 1.2880406 1.2177093 1.1973103 1.1821702 1.2203387 1.2845374 1.2845374 1.2997245 1.5622705 1.4969007 1.4588888 
XP_018485899.1|Raphanus_sativus                     0.2149448 0.2061960 0.2061960 0.2027167 0.2027167 0.2065416 0.2065416 0.1983087 0.1983087 0.1878616 0.0822413 0.0822413 0.0804572 0.0804572 0.0720916 0.0720916 0.0000000 0.0000010 0.2805369 0.3357970 0.2986817 0.3766622 0.3239883 0.5886015 1.0522754 1.0522754 1.1397769 1.0274989 1.0718274 1.0804953 1.0718274 1.0804953 1.0736252 1.0649472 1.0349078 0.9579479 0.9690690 1.0330960 1.0937016 0.9863454 0.9808447 1.0743847 1.0606858 1.0256456 1.0243341 1.0376255 1.0586239 1.1213073 1.0831254 1.1116841 1.1205894 0.9729421 0.9421689 0.9204101 0.9339154 0.8295937 0.8426474 0.8187569 0.8316053 0.9344821 0.8626122 0.9158743 0.9235291 0.9408277 1.0342630 1.0560659 0.9921659 0.9805541 0.9040867 0.8935942 0.8821202 0.8693858 0.9018740 0.8965470 0.9031573 0.9001909 0.8383250 0.8347309 0.8440135 0.8416519 1.0456842 1.0104805 1.0563879 1.0384540 1.0515779 1.0759630 1.0889164 1.0836080 1.0572306 0.9714216 0.9571108 1.0402894 0.9250021 1.0401874 1.1339459 0.9765046 0.9765046 1.1104392 1.2143306 1.2265666 1.1596142 1.0460384 1.2220825 1.2528960 1.2145584 0.9768038 1.0259375 1.0946153 1.1493751 1.1150986 1.1150986 1.2073110 1.1694974 1.1722085 1.1722085 1.1811521 1.1045735 1.2690532 1.2740754 1.1946490 1.2803563 1.2251552 1.2495786 1.2019118 1.3255739 1.2737955 1.3986136 1.2160970 1.2160970 1.1598992 1.1642000 1.3352597 1.2970578 1.3249785 1.2844593 1.3689825 1.3385197 1.3834711 1.3834711 1.1650379 1.2534627 1.2465239 1.2803850 1.2039661 1.1762071 1.1612986 1.2623641 1.2564189 1.2564189 1.3393295 1.6125881 1.5891625 1.5150173 
XP_018485898.1|Raphanus_sativus                     0.2149448 0.2061960 0.2061960 0.2027167 0.2027167 0.2065416 0.2065416 0.1983087 0.1983087 0.1878616 0.0822413 0.0822413 0.0804572 0.0804572 0.0720916 0.0720916 0.0000010 0.0000000 0.2805369 0.3357970 0.2986817 0.3766622 0.3239883 0.5886015 1.0522754 1.0522754 1.1397769 1.0274989 1.0718274 1.0804953 1.0718274 1.0804953 1.0736252 1.0649472 1.0349078 0.9579479 0.9690690 1.0330960 1.0937016 0.9863454 0.9808447 1.0743847 1.0606858 1.0256456 1.0243341 1.0376255 1.0586239 1.1213073 1.0831254 1.1116841 1.1205894 0.9729421 0.9421689 0.9204101 0.9339154 0.8295937 0.8426474 0.8187569 0.8316053 0.9344821 0.8626122 0.9158743 0.9235291 0.9408277 1.0342630 1.0560659 0.9921659 0.9805541 0.9040867 0.8935942 0.8821202 0.8693858 0.9018740 0.8965470 0.9031573 0.9001909 0.8383250 0.8347309 0.8440135 0.8416519 1.0456842 1.0104805 1.0563879 1.0384540 1.0515779 1.0759630 1.0889164 1.0836080 1.0572306 0.9714216 0.9571108 1.0402894 0.9250021 1.0401874 1.1339459 0.9765046 0.9765046 1.1104392 1.2143306 1.2265666 1.1596142 1.0460384 1.2220825 1.2528960 1.2145584 0.9768038 1.0259375 1.0946153 1.1493751 1.1150986 1.1150986 1.2073110 1.1694974 1.1722085 1.1722085 1.1811521 1.1045735 1.2690532 1.2740754 1.1946490 1.2803563 1.2251552 1.2495786 1.2019118 1.3255739 1.2737955 1.3986136 1.2160970 1.2160970 1.1598992 1.1642000 1.3352597 1.2970578 1.3249785 1.2844593 1.3689825 1.3385197 1.3834711 1.3834711 1.1650379 1.2534627 1.2465239 1.2803850 1.2039661 1.1762071 1.1612986 1.2623641 1.2564189 1.2564189 1.3393295 1.6125881 1.5891625 1.5150173 
XP_010488178.1|Camelina_sativa                      0.2507576 0.2360789 0.2360789 0.2468537 0.2468537 0.2544847 0.2544847 0.2410949 0.2410949 0.2925139 0.2918919 0.2918919 0.3041784 0.3041784 0.3045806 0.3045806 0.2805369 0.2805369 0.0000000 0.0617057 0.0579954 0.1244577 0.1435181 0.5852229 1.0747053 1.0747053 1.1755688 1.1222984 1.1216257 1.1309061 1.1216257 1.1309061 1.1523462 1.1429132 1.1189274 1.0414614 1.0714757 1.1115732 1.1198040 1.0305360 1.0293935 1.1102775 1.0909421 1.0746506 1.0945084 1.0623963 1.1630836 1.1886445 1.1583492 1.1757998 1.2071880 1.0626174 0.9807417 0.9653453 1.0331269 1.0151943 1.0151943 0.9796754 0.9796754 1.0125009 0.9434228 0.9491116 0.9572941 0.9479982 1.0703796 1.0796428 0.9999946 1.0550116 0.9870820 0.9656561 0.9742567 0.9474527 0.9248189 0.9629092 0.9632921 0.9592464 0.9360262 0.9281541 0.9339079 0.9401919 1.0638106 1.1213682 1.0866541 1.0971251 1.0737295 1.1349547 1.1027439 1.1252611 1.1203155 1.0009425 1.0042375 1.0539931 0.9667117 1.1308719 1.1553824 1.0916912 1.0839531 1.2089183 1.2211320 1.2735425 1.1792709 1.0687531 1.1574350 1.1679328 1.1521007 1.0762982 1.1002723 1.2246472 1.2419314 1.2165681 1.2165681 1.2528481 1.2695590 1.1982524 1.1982524 1.1315526 1.1493735 1.3178356 1.3158789 1.1685864 1.3525435 1.3423413 1.3328238 1.3023168 1.3704273 1.3844631 1.4708254 1.2236302 1.2236302 1.1791579 1.1791579 1.2769114 1.2974895 1.3367710 1.3350332 1.4186269 1.4457780 1.4447706 1.4447706 1.1795506 1.3142973 1.3073656 1.3399731 1.2182212 1.2147705 1.2214096 1.2696557 1.3892520 1.3892520 1.4246436 1.5595923 1.5088790 1.4356139 
XP_010510418.1|Camelina_sativa                      0.3015405 0.2645647 0.2645647 0.2780119 0.2780119 0.2835196 0.2835196 0.2892336 0.2892336 0.3387920 0.3454365 0.3454365 0.3594677 0.3594677 0.3632605 0.3632605 0.3357970 0.3357970 0.0617057 0.0000000 0.0769036 0.1344990 0.1598446 0.6251628 1.1584595 1.1584595 1.2697393 1.1732303 1.1653082 1.1746761 1.1653082 1.1746761 1.1783656 1.1689110 1.1895995 1.0635246 1.1127686 1.2008526 1.1666275 1.0802380 1.0826222 1.1941775 1.1823522 1.1621431 1.1380012 1.1376267 1.2115819 1.2506832 1.2350224 1.2504846 1.2995745 1.1358527 1.0757273 1.0586819 1.1143583 1.0925692 1.0925692 1.0308333 1.0308333 1.0570696 1.0448820 1.0222851 1.0308319 1.0475673 1.1598838 1.1865498 1.0879574 1.1312946 1.0598692 1.0391429 1.0488820 1.0150200 1.0346570 1.0211437 1.0229502 1.0283137 0.9922059 0.9838394 0.9868695 0.9932486 1.1208005 1.1996600 1.1263069 1.1369151 1.1130195 1.1761659 1.1320259 1.1641464 1.1798293 1.0570970 1.0670173 1.1315466 1.0208432 1.2171449 1.2096197 1.1775543 1.1697681 1.2564651 1.2561970 1.3689641 1.2709192 1.1482234 1.2622485 1.2941193 1.2566948 1.1544388 1.2004895 1.2953129 1.3477454 1.2795196 1.2795196 1.3002435 1.2949356 1.2420930 1.2420930 1.1966430 1.2559761 1.3750155 1.3732283 1.2496082 1.4163590 1.4225353 1.4406106 1.3923436 1.4341062 1.4359831 1.5406382 1.3091059 1.3091059 1.2521867 1.2521867 1.3402495 1.3758844 1.3878469 1.3863651 1.4637132 1.4600394 1.5019911 1.5019911 1.2747846 1.3659593 1.3525302 1.3920556 1.2862389 1.2785437 1.2901649 1.3272373 1.4338967 1.4338967 1.5170881 1.7032283 1.6356954 1.5252742 
XP_010466414.1|Camelina_sativa                      0.2786511 0.2495381 0.2495381 0.2607086 0.2607086 0.2655516 0.2655516 0.2623709 0.2623709 0.3076612 0.3122147 0.3122147 0.3285520 0.3285520 0.3294495 0.3294495 0.2986817 0.2986817 0.0579954 0.0769036 0.0000000 0.1371781 0.1539930 0.6249865 1.1158331 1.1158331 1.2134590 1.1173252 1.1256479 1.1347928 1.1256479 1.1347928 1.1568129 1.1474832 1.1508911 1.0454073 1.0804437 1.1487534 1.1301294 1.0354559 1.0330575 1.1375732 1.1257385 1.1113230 1.1107895 1.1194627 1.1926197 1.2347701 1.2014994 1.2120111 1.2453998 1.0631248 1.0352442 1.0189241 1.0775651 1.0456069 1.0456069 0.9730295 0.9730295 1.0345150 0.9857704 1.0015058 1.0099857 1.0060097 1.1313160 1.1324080 1.0756762 1.1152975 1.0000911 0.9787576 0.9873367 0.9606216 0.9687204 0.9654094 0.9672950 0.9659781 0.9509729 0.9431121 0.9488978 0.9551517 1.0830497 1.1480949 1.0887229 1.0990753 1.0759325 1.1582224 1.1143276 1.1041143 1.1112925 1.0142022 1.0175440 1.0594048 0.9664242 1.1765649 1.2090520 1.1232863 1.1156093 1.2253491 1.2426019 1.2728370 1.1795294 1.1190724 1.1943678 1.2337416 1.1890187 1.0962243 1.1382606 1.2640544 1.2957457 1.2145247 1.2145247 1.2521461 1.3278928 1.2417425 1.2417425 1.2087654 1.1954002 1.3496952 1.3478526 1.1992888 1.3715868 1.3786465 1.3847076 1.3461450 1.4052525 1.4061179 1.5030159 1.2713189 1.2713189 1.2153550 1.2153550 1.3469281 1.3252564 1.3733541 1.3690803 1.4401420 1.4888007 1.4897501 1.4897501 1.2132959 1.3348644 1.3197238 1.3578963 1.2627703 1.2483446 1.2506380 1.2938183 1.3852598 1.3852598 1.4623112 1.5909667 1.6313391 1.5204430 
XP_010490292.2|Camelina_sativa                      0.3419981 0.3276130 0.3276130 0.3369673 0.3369673 0.3457028 0.3457028 0.3292259 0.3292259 0.3821325 0.3860443 0.3860443 0.3984323 0.3984323 0.3996205 0.3996205 0.3766622 0.3766622 0.1244577 0.1344990 0.1371781 0.0000000 0.2296082 0.6901421 1.2054538 1.2054538 1.3264483 1.2460150 1.2449390 1.2558549 1.2449390 1.2558549 1.2920842 1.2809118 1.2563372 1.1463754 1.1823052 1.2567137 1.2447395 1.1516230 1.1459196 1.2794233 1.2604523 1.2291858 1.2003064 1.2006380 1.3020985 1.2921852 1.2419857 1.2615958 1.3195212 1.1918310 1.1285633 1.1147568 1.1285408 1.0726131 1.0726131 1.0390722 1.0390722 1.0724123 1.0514107 1.0366371 1.0471826 1.0375514 1.1419069 1.1633175 1.1205256 1.1269583 1.0873320 1.0616862 1.0710756 1.0454897 1.0457210 1.0360674 1.0326303 1.0440136 1.0538902 1.0450318 1.0472465 1.0541410 1.1897896 1.2625243 1.2081999 1.2017476 1.1898986 1.2195342 1.1813425 1.2214321 1.1981647 1.1082837 1.1041962 1.1748563 1.0634957 1.2433226 1.2370039 1.2330982 1.2138266 1.3350347 1.3064114 1.3702309 1.2667061 1.2210175 1.2721483 1.2846213 1.2695863 1.2077737 1.2266726 1.3775198 1.3927944 1.3303761 1.3303761 1.3623314 1.3531811 1.2592413 1.2592413 1.2159850 1.2455116 1.4345108 1.4230506 1.3351119 1.4866223 1.4975506 1.4867286 1.4489864 1.5280572 1.5373194 1.6312438 1.3988453 1.3988453 1.3273967 1.3273967 1.4359024 1.4591246 1.4781852 1.5037201 1.5655078 1.5436129 1.5499623 1.5499623 1.3114221 1.3925415 1.3877720 1.4221940 1.3037215 1.3049193 1.3076487 1.3652408 1.5058000 1.5058000 1.4436390 1.6293884 1.6560984 1.5177760 
XP_023642198.1|Capsella_rubella                     0.3007378 0.2839169 0.2839169 0.2818274 0.2818274 0.2972927 0.2972927 0.2768643 0.2768643 0.3414448 0.3316624 0.3316624 0.3405241 0.3405241 0.3442637 0.3442637 0.3239883 0.3239883 0.1435181 0.1598446 0.1539930 0.2296082 0.0000000 0.6391362 1.1462562 1.1462562 1.2559651 1.1528097 1.1539107 1.1631904 1.1539107 1.1631904 1.1813915 1.1719711 1.1057640 1.0711586 1.1036888 1.1471085 1.1655663 1.0563915 1.0603657 1.1957478 1.1700342 1.1481823 1.1428841 1.0969191 1.2083836 1.2379646 1.2166414 1.2404200 1.2611715 1.0891618 1.0146800 0.9988423 1.0605030 1.0719292 1.0719292 1.0113894 1.0113894 1.0569713 1.0168786 0.9865570 0.9949543 1.0114828 1.1236547 1.1360564 1.0751514 1.1274428 1.0111201 0.9992164 1.0171373 0.9852950 1.0115561 1.0001476 1.0007160 0.9922522 1.0029249 0.9954784 0.9938767 0.9867915 1.0900363 1.2385073 1.0585108 1.0668378 1.0560891 1.1097094 1.0886259 1.0878016 1.0728422 0.9827897 0.9839639 1.0319067 0.9655632 1.1811083 1.2301688 1.1281691 1.1161675 1.2318636 1.2106065 1.3083232 1.2174733 1.1039092 1.2085459 1.2371733 1.2031012 1.1209102 1.1604251 1.2357710 1.2929967 1.2444612 1.2444612 1.2901629 1.3463149 1.2214908 1.2214908 1.1810114 1.1695864 1.3755244 1.3779366 1.2561040 1.4140735 1.4128387 1.4034217 1.3756548 1.4517335 1.4456936 1.5174991 1.3387427 1.3387427 1.2726106 1.2726106 1.4527016 1.4185983 1.4381830 1.4622244 1.5245366 1.5023419 1.5234379 1.5234379 1.2365553 1.3016970 1.2867909 1.3125006 1.2365361 1.2400392 1.2435083 1.2469506 1.3964908 1.3964908 1.4307241 1.6019116 1.5498043 1.5136487 
XP_010524495.1|Tarenaya_hassleriana                 0.5058167 0.5672564 0.5672564 0.5739842 0.5739842 0.5807840 0.5807840 0.5814021 0.5814021 0.5568986 0.5965532 0.5965532 0.5845936 0.5845936 0.5681190 0.5681190 0.5886015 0.5886015 0.5852229 0.6251628 0.6249865 0.6901421 0.6391362 0.0000000 1.0796817 1.0796817 1.1322088 1.0212550 1.0655659 1.0746537 1.0655659 1.0746537 1.0784730 1.0693296 1.0956162 0.9807084 0.9856299 1.0600449 0.9748048 0.9329807 0.9458124 1.0705944 1.0548363 1.0241600 1.0498142 1.0164499 1.0980872 1.1500034 1.1512477 1.1735972 1.1714889 0.9593910 0.9149345 0.8888192 0.8753682 0.8634233 0.8736502 0.8869295 0.8972387 0.8797527 0.8753685 0.8441140 0.8525746 0.8293645 0.9197189 0.9177188 0.9831440 0.9784668 0.9493819 0.9268196 0.9329756 0.9074696 0.8916802 0.9133009 0.9113772 0.9159407 0.8593735 0.8497135 0.8619144 0.8675127 0.9461896 1.0585220 0.9810474 0.9880127 0.9628475 1.0555416 1.0367471 1.0383307 1.0415467 0.9967146 0.9974419 1.0694409 0.9439718 1.0455651 1.1270558 1.0342825 1.0291895 1.0704055 1.1648747 1.2583472 1.1783772 1.0478835 1.0726722 1.1402752 1.0704702 0.9825980 1.0939515 1.1639592 1.1130105 1.1182838 1.1182838 1.2357156 1.0833197 1.1370779 1.1370779 1.1325857 1.0858208 1.1230239 1.1101223 1.0813037 1.2319782 1.2499895 1.2430999 1.2070553 1.4003361 1.2590063 1.3848204 1.2557996 1.2557996 1.1444859 1.1368348 1.2781362 1.2770457 1.3256429 1.2168538 1.2917754 1.3280921 1.4009789 1.4009789 1.2405916 1.2503605 1.2458467 1.2657651 1.1758051 1.1822806 1.1715482 1.2626468 1.2471210 1.2471210 1.3359489 1.5910858 1.5288794 1.4085688 
XP_020222022.2|Cajanus_cajan                        1.0832435 1.0970316 1.0970316 1.1035242 1.1035242 1.1130906 1.1130906 1.0937888 1.0937888 1.1309917 1.0451137 1.0451137 1.0380574 1.0380574 1.0347627 1.0347627 1.0522754 1.0522754 1.0747053 1.1584595 1.1158331 1.2054538 1.1462562 1.0796817 0.0000000 0.0000010 0.0000010 0.1942593 0.2454763 0.2487547 0.2454763 0.2487547 0.2450137 0.2417806 0.3565302 0.5013997 0.5209054 0.5749274 0.6713021 0.5324081 0.5465332 0.5677210 0.5479159 0.5273550 0.6419558 0.5837542 0.6824836 0.6825929 0.6666909 0.6953769 0.6892161 0.7291828 0.6061254 0.5964833 0.6702229 0.6558993 0.6723716 0.6846458 0.7019541 0.6454479 0.7093392 0.7348928 0.7315625 0.7339396 0.7670258 0.7461342 0.7344968 0.7565841 0.6852032 0.6538755 0.6666250 0.6357863 0.7290843 0.7350627 0.7603459 0.7337788 0.7346661 0.7408026 0.7300492 0.7351722 0.7673716 0.7984049 0.7344314 0.7327492 0.7360188 0.7202792 0.7288416 0.8075837 0.7661105 0.6858960 0.6786087 0.7132996 0.6634296 0.7119485 0.7481822 0.7189872 0.7190878 0.8005307 0.7734250 0.8911549 0.8349874 0.7759693 0.8182576 0.8891247 0.8173892 0.7699573 0.7601659 0.8328595 0.9341910 0.8407928 0.8407928 0.9115247 0.8400292 0.8264328 0.8264328 0.7982462 0.8388408 0.7509294 0.7507830 0.8750783 0.9618235 0.9356444 0.9283547 0.9038079 1.0616244 1.0688012 1.0512631 0.8771525 0.8771525 0.8862861 0.8815264 0.8876672 0.8699187 0.9263250 0.8558864 0.8763051 1.0847286 1.0670624 1.0670624 1.0736671 0.9440497 0.9392835 0.9571356 0.9367485 0.9319958 0.8848274 0.9568110 0.9597739 0.9597739 1.1284981 1.3298264 1.1734046 1.2463228 
