7
Washington_navel|Citrus_clementina_Ciclev10030620m_homolog|CORE 0.0000000 0.1384075 4.1128796 4.1875700 4.4428117 4.2029076 4.2029076 
Eureka_lemon|Citrus_clementina_Ciclev10030620m_homolog|CORE     0.1384075 0.0000000 4.1598912 4.2711853 4.5143367 4.3854308 4.3854308 
Solanum_lycopersicum|Solyc03g096190|CORE                        4.1128796 4.1598912 0.0000000 0.0417718 0.4537241 0.3973251 0.3973251 
Solanum_pennellii|XP_015068909.1|CORE                           4.1875700 4.2711853 0.0417718 0.0000000 0.4570708 0.3864233 0.3864233 
Nicotiana_benthamiana|Niben101Scf02323g01010.1|CORE             4.4428117 4.5143367 0.4537241 0.4570708 0.0000000 0.1312821 0.1312821 
Nicotiana_sylvestris|XP_009803840.1|CORE                        4.2029076 4.3854308 0.3973251 0.3864233 0.1312821 0.0000000 0.0000010 
Nicotiana_tabacum|XP_016470062.1|CORE                           4.2029076 4.3854308 0.3973251 0.3864233 0.1312821 0.0000010 0.0000000 
