100
NP_180916.1|Arabidopsis_thaliana|LYK5               0.0000000 0.0820079 0.0795501 0.0798442 0.0616046 0.1559559 0.1664501 0.1664501 0.1721565 0.1706655 0.3911044 0.6037506 0.5966522 0.5899108 0.5909075 0.5985060 0.6231951 0.7097638 0.6306353 0.5903221 0.5714342 0.5820397 0.5868022 0.5756789 0.5587068 0.6689755 0.6703031 0.6263241 0.5216221 0.5119198 0.5381651 0.5423401 0.5292865 0.5337479 0.5521088 0.5363500 0.5538279 0.5460764 0.5372700 0.5382354 0.5382354 0.5431356 0.5500943 0.5351883 0.5376441 0.5663028 0.6032321 0.6069848 0.6130175 0.6403920 0.5491436 0.5623932 0.6282881 0.7450034 0.6603846 0.6919587 0.8258906 0.8286747 0.7618591 0.7151927 0.7488131 0.6908858 0.7237154 0.7341287 0.7376675 0.7515833 0.9003392 0.8060005 0.7949068 0.8408158 0.8946078 0.8690354 0.8947799 0.8823713 0.8522593 0.8891403 0.8863420 0.9123486 0.9372238 0.9957617 0.9026694 0.9031887 1.0724291 1.1305706 1.1239139 1.1772209 1.1195501 1.2546632 1.1135831 1.1196074 1.2106349 1.5420517 1.2871465 1.2915243 1.2822770 1.2461518 1.2794553 1.8718376 1.7727573 2.0958902 
XP_010413840.1|Camelina_sativa                      0.0820079 0.0000000 0.0224313 0.0287225 0.0615584 0.1761162 0.1811049 0.1811049 0.1846594 0.1569586 0.3990466 0.6128311 0.5885436 0.5956935 0.5896419 0.6018124 0.6385959 0.7228660 0.6347571 0.6189294 0.5706945 0.5712280 0.5845728 0.5719655 0.5623166 0.6745359 0.7335596 0.6790885 0.5582320 0.5558609 0.5786420 0.5829399 0.5648355 0.5741439 0.5803098 0.5703039 0.5616449 0.5533620 0.5699402 0.5589652 0.5589652 0.5684290 0.5742797 0.5607428 0.5619096 0.6026696 0.6301297 0.5910399 0.6018963 0.6523230 0.5851881 0.5877740 0.6788554 0.7748486 0.6787610 0.6951901 0.8558478 0.8596023 0.7957168 0.7397031 0.7657597 0.7298741 0.7604206 0.7520042 0.7673833 0.8123582 0.9354862 0.8302769 0.8325866 0.8396396 0.9097936 0.8766620 0.9006633 0.9154865 0.8600880 0.9236167 0.9239066 0.9365341 0.9463446 0.9947919 0.9152807 0.9151439 1.0535354 1.0996940 1.0996354 1.1737684 1.1125602 1.2242079 1.1075690 1.1255468 1.2216518 1.5766357 1.3493288 1.3645130 1.3418453 1.3283272 1.3349157 1.9023110 1.8446908 2.1506558 
XP_010469453.1|Camelina_sativa                      0.0795501 0.0224313 0.0000000 0.0370545 0.0637345 0.1714984 0.1791109 0.1791109 0.1878406 0.1632882 0.4039528 0.6125239 0.5949554 0.6055086 0.6010455 0.6168016 0.6426152 0.7225170 0.6365498 0.6230789 0.5811760 0.5847344 0.5997640 0.5840927 0.5743799 0.6808752 0.7229902 0.6728681 0.5560684 0.5491410 0.5750843 0.5793621 0.5626722 0.5719254 0.5817693 0.5727628 0.5701478 0.5614440 0.5688461 0.5501016 0.5501016 0.5623394 0.5681285 0.5547202 0.5558695 0.5958311 0.6337368 0.5921347 0.6029465 0.6469677 0.5780435 0.5842382 0.6640358 0.7660568 0.6782440 0.7001859 0.8460249 0.8497524 0.7959003 0.7392345 0.7643242 0.7264200 0.7568399 0.7494971 0.7658433 0.8146251 0.9279493 0.8312422 0.8309480 0.8389786 0.9243838 0.8875226 0.9136218 0.9266093 0.8730011 0.9342618 0.9350582 0.9340299 0.9575139 1.0047392 0.9310154 0.9246047 1.0796951 1.1376424 1.1333479 1.1826691 1.1230578 1.2383012 1.1259246 1.1426606 1.2447749 1.5719093 1.3477060 1.3629538 1.3235084 1.3222225 1.3420082 1.8850506 1.8332502 2.1426252 
XP_010509863.1|Camelina_sativa                      0.0798442 0.0287225 0.0370545 0.0000000 0.0700860 0.1852597 0.1808668 0.1808668 0.1862224 0.1736258 0.3949796 0.6027981 0.5751791 0.5790615 0.5800269 0.5813867 0.6116569 0.7161603 0.6271320 0.6192879 0.5618879 0.5623081 0.5755669 0.5673256 0.5559249 0.6674716 0.7359896 0.6861075 0.5537586 0.5546947 0.5642784 0.5685479 0.5505801 0.5597943 0.5800028 0.5737739 0.5650745 0.5567536 0.5795849 0.5542214 0.5542214 0.5636634 0.5694777 0.5560132 0.5571681 0.6079302 0.6301596 0.5906223 0.6014264 0.6436376 0.5797301 0.5915508 0.6668772 0.7753068 0.6718704 0.7059143 0.8465086 0.8502402 0.7842468 0.7288133 0.7546460 0.7190991 0.7494173 0.7522804 0.7667406 0.7922408 0.9177831 0.8117810 0.8066913 0.8282678 0.8975206 0.8600009 0.8824140 0.8943345 0.8436844 0.9072273 0.9024299 0.9238496 0.9301165 0.9748152 0.9035586 0.8984760 1.0587881 1.1024623 1.1182554 1.1722461 1.1152439 1.2326542 1.1133494 1.1247099 1.2213008 1.5543262 1.3516639 1.3668294 1.3306348 1.3319501 1.3446699 1.8559279 1.8264883 2.1294780 
XP_006295585.1|Capsella_rubella                     0.0616046 0.0615584 0.0637345 0.0700860 0.0000000 0.1524857 0.1679906 0.1679906 0.1685086 0.1568547 0.3941030 0.6117136 0.6046266 0.5982796 0.5992980 0.6034678 0.6474529 0.7096055 0.6259082 0.5953581 0.5797518 0.5778177 0.5953066 0.5646536 0.5494172 0.6639827 0.6950198 0.6478718 0.5338957 0.5263696 0.5647224 0.5689689 0.5556984 0.5602631 0.5773373 0.5631828 0.5595356 0.5475960 0.5571590 0.5469745 0.5469745 0.5490964 0.5547754 0.5413274 0.5503713 0.5838800 0.6168376 0.5762805 0.5868687 0.6321884 0.5535921 0.5696728 0.6442866 0.7690522 0.6645777 0.6808763 0.8268948 0.8305860 0.7814554 0.7378652 0.7552582 0.7170614 0.7407430 0.7278683 0.7389258 0.7881225 0.9162943 0.8363979 0.8198696 0.8356286 0.8771707 0.8519004 0.8773848 0.8753717 0.8408075 0.8830358 0.8802268 0.8984831 0.9138410 0.9683178 0.8926042 0.8992316 1.0561647 1.0979692 1.0788284 1.1296453 1.0673860 1.1910018 1.0918738 1.0848856 1.1956505 1.5367555 1.3266057 1.3429087 1.3058415 1.2777430 1.3213524 1.8331005 1.7834330 2.1131593 
XP_013671298.1|Brassica_napus                       0.1559559 0.1761162 0.1714984 0.1852597 0.1524857 0.0000000 0.0491879 0.0491879 0.0555488 0.1518736 0.3758000 0.6255993 0.6063269 0.6006197 0.5966748 0.6119949 0.6190405 0.7180389 0.6176202 0.5811185 0.5440005 0.5591194 0.5579830 0.5398767 0.5180505 0.6422972 0.7118710 0.6579876 0.5435202 0.5469412 0.5563769 0.5685974 0.5521598 0.5567022 0.5667273 0.5438071 0.5576831 0.5564355 0.5417977 0.5440716 0.5440716 0.5414139 0.5518168 0.5357815 0.5395849 0.5548420 0.6147261 0.6064759 0.6124527 0.6524703 0.5387923 0.5600130 0.6245153 0.7213110 0.6426727 0.6814344 0.7766441 0.7802039 0.7344353 0.6782441 0.7102935 0.6809387 0.7023082 0.6898668 0.7078862 0.7535981 0.8384154 0.7657714 0.7727043 0.8362349 0.8656438 0.8432222 0.8777112 0.8651128 0.8263927 0.8657788 0.8741058 0.8960286 0.9009714 0.9101209 0.8426142 0.8501792 1.0074169 1.0399614 1.0430594 1.1160600 1.0516197 1.1942357 1.0604473 1.0807451 1.1987836 1.5686597 1.3062369 1.3102511 1.2761510 1.3087605 1.3232026 1.8850595 1.8178728 2.1423304 
XP_013662422.1|Brassica_napus                       0.1664501 0.1811049 0.1791109 0.1808668 0.1679906 0.0491879 0.0000000 0.0000010 0.0670423 0.1591277 0.3818007 0.6064092 0.5879626 0.5878072 0.5838823 0.5931284 0.6174916 0.7107976 0.5968136 0.5844923 0.5465573 0.5602799 0.5637731 0.5452907 0.5234645 0.6411717 0.7071960 0.6709672 0.5335298 0.5401195 0.5516213 0.5638875 0.5497002 0.5542584 0.5683343 0.5456824 0.5477734 0.5531579 0.5383838 0.5643422 0.5643422 0.5615957 0.5614233 0.5550207 0.5588397 0.5469004 0.6206726 0.6024429 0.6083597 0.6454198 0.5392390 0.5533852 0.6204927 0.7070522 0.6270684 0.6780816 0.7719715 0.7755092 0.7338870 0.6772422 0.7273124 0.6956145 0.7100897 0.7100431 0.7233134 0.7596918 0.8395529 0.7782199 0.7667972 0.8457973 0.8309811 0.8130087 0.8431797 0.8379089 0.8256746 0.8411167 0.8457021 0.8795620 0.8860282 0.9186360 0.8330554 0.8405908 0.9917212 1.0229538 1.0145013 1.1098086 1.0510280 1.1958862 1.0537341 1.0766212 1.2084323 1.6015150 1.3066385 1.3106458 1.2524987 1.3376612 1.3519894 1.9265421 1.8230480 2.1232327 
XP_009141328.1|Brassica_rapa                        0.1664501 0.1811049 0.1791109 0.1808668 0.1679906 0.0491879 0.0000010 0.0000000 0.0670423 0.1591277 0.3818007 0.6064092 0.5879626 0.5878072 0.5838823 0.5931284 0.6174916 0.7107976 0.5968136 0.5844923 0.5465573 0.5602799 0.5637731 0.5452907 0.5234645 0.6411717 0.7071960 0.6709672 0.5335298 0.5401195 0.5516213 0.5638875 0.5497002 0.5542584 0.5683343 0.5456824 0.5477734 0.5531579 0.5383838 0.5643422 0.5643422 0.5615957 0.5614233 0.5550207 0.5588397 0.5469004 0.6206726 0.6024429 0.6083597 0.6454198 0.5392390 0.5533852 0.6204927 0.7070522 0.6270684 0.6780816 0.7719715 0.7755092 0.7338870 0.6772422 0.7273124 0.6956145 0.7100897 0.7100431 0.7233134 0.7596918 0.8395529 0.7782199 0.7667972 0.8457973 0.8309811 0.8130087 0.8431797 0.8379089 0.8256746 0.8411167 0.8457021 0.8795620 0.8860282 0.9186360 0.8330554 0.8405908 0.9917212 1.0229538 1.0145013 1.1098086 1.0510280 1.1958862 1.0537341 1.0766212 1.2084323 1.6015150 1.3066385 1.3106458 1.2524987 1.3376612 1.3519894 1.9265421 1.8230480 2.1232327 
XP_018484364.1|Raphanus_sativus                     0.1721565 0.1846594 0.1878406 0.1862224 0.1685086 0.0555488 0.0670423 0.0670423 0.0000000 0.1667602 0.3977468 0.6090658 0.5818020 0.5731239 0.5705172 0.5950699 0.6035356 0.7098594 0.6115856 0.5889299 0.5368352 0.5590379 0.5564399 0.5268085 0.5051516 0.6505292 0.7036015 0.6717121 0.5180313 0.5449371 0.5412453 0.5533575 0.5323595 0.5389976 0.5727033 0.5544608 0.5346111 0.5345452 0.5472923 0.5417985 0.5417985 0.5425990 0.5420202 0.5326634 0.5364487 0.5484849 0.6168510 0.5937371 0.5996490 0.6192061 0.5516925 0.5468508 0.6086710 0.7282521 0.6382933 0.6802665 0.7740847 0.7776659 0.7215578 0.6751102 0.7152759 0.6809253 0.7102141 0.6974356 0.7141838 0.7297274 0.8285560 0.7676950 0.7750524 0.8153807 0.8357403 0.8260701 0.8514703 0.8577300 0.8181108 0.8540093 0.8603935 0.9120226 0.9151048 0.9161198 0.8229309 0.8304406 0.9943406 1.0257469 1.0456805 1.1154068 1.0606847 1.1967569 1.0612641 1.0811165 1.1936464 1.5572852 1.3056637 1.3096807 1.2562584 1.3012757 1.3264933 1.8737798 1.8008947 2.1972590 
XP_006410503.2|Eutrema_salsugineum                  0.1706655 0.1569586 0.1632882 0.1736258 0.1568547 0.1518736 0.1591277 0.1591277 0.1667602 0.0000000 0.3583397 0.5862129 0.5647159 0.5719933 0.5657742 0.5842543 0.6046923 0.7332555 0.6363239 0.6035642 0.5871481 0.5877021 0.5957703 0.5590237 0.5366808 0.6577671 0.6915054 0.6482673 0.5453804 0.5468375 0.5699614 0.5823567 0.5622466 0.5655126 0.5798502 0.5680106 0.5672827 0.5632747 0.5744796 0.5759495 0.5759495 0.5780076 0.5754939 0.5689668 0.5796381 0.5683722 0.6080536 0.6253503 0.6313455 0.6695716 0.5985691 0.6025152 0.6451594 0.7294618 0.6499402 0.6614911 0.8317691 0.8354855 0.8052643 0.7562222 0.7759475 0.7430583 0.7664956 0.7032298 0.7194570 0.8006421 0.8839835 0.7969797 0.7911517 0.8654143 0.8811258 0.8550129 0.8707328 0.8992635 0.8530286 0.8794972 0.8760728 0.9017740 0.8944923 0.9569605 0.8802665 0.8874877 1.0732757 1.1074112 1.0792961 1.1274946 1.0935309 1.2206510 1.0732866 1.0958345 1.1877402 1.5471018 1.3258580 1.3353175 1.3154666 1.3371691 1.3782995 1.8620700 1.8080846 2.1679038 
XP_010523260.1|Tarenaya_hassleriana                 0.3911044 0.3990466 0.4039528 0.3949796 0.3941030 0.3758000 0.3818007 0.3818007 0.3977468 0.3583397 0.0000000 0.6182560 0.6137614 0.6063818 0.6034510 0.6052664 0.6566304 0.7750493 0.6560074 0.5745097 0.6023054 0.5792865 0.5773594 0.6028683 0.5841938 0.6486752 0.7440953 0.7178365 0.5638558 0.5488930 0.5861564 0.5868614 0.5798039 0.5847639 0.6316654 0.6131570 0.5830251 0.5905466 0.5849199 0.5705964 0.5705964 0.5708636 0.5771401 0.5827072 0.5820136 0.5789770 0.6789433 0.6019445 0.6078558 0.6573975 0.6027556 0.6199666 0.6595980 0.7603987 0.6521621 0.7302738 0.8012725 0.8049134 0.7536084 0.7369542 0.7863100 0.7405666 0.7468557 0.6982502 0.7104235 0.7894734 0.8722835 0.7966853 0.7970063 0.8775693 0.8994400 0.8742227 0.9026481 0.8930755 0.8232232 0.8921084 0.9067233 0.9506396 0.9357329 0.9540154 0.9276969 0.9105491 1.0829554 1.0917294 1.0888393 1.1328313 1.1077194 1.2059357 1.1272211 1.1171901 1.2387154 1.5216498 1.3171401 1.3361005 1.3388529 1.4706276 1.4922227 2.0112154 1.9067639 2.1505124 
XP_029126859.1|Cajanus_cajan                        0.6037506 0.6128311 0.6125239 0.6027981 0.6117136 0.6255993 0.6064092 0.6064092 0.6090658 0.5862129 0.6182560 0.0000000 0.1355851 0.1773592 0.1662413 0.1774886 0.2752719 0.4172894 0.5750631 0.4697696 0.4654110 0.4598979 0.4561022 0.4707926 0.4657601 0.5184571 0.6470128 0.6441633 0.5194015 0.5292789 0.5345772 0.5387034 0.5383979 0.5394636 0.5122336 0.5120771 0.5184907 0.5226631 0.4824923 0.4911089 0.4911089 0.4987810 0.4862665 0.4967515 0.5006392 0.5468525 0.5904562 0.4802431 0.4801693 0.5028871 0.5105178 0.5059567 0.5083022 0.5856099 0.5813769 0.6136392 0.7063397 0.7098385 0.7049513 0.6794238 0.7038722 0.6716738 0.6699310 0.7076880 0.7115253 0.7809207 0.8301975 0.7128285 0.7146101 0.7823248 0.8011710 0.7845354 0.8033591 0.7896024 0.6996160 0.7904861 0.7829109 0.8055780 0.8161263 0.8217715 0.7565667 0.7511299 0.9370266 0.9352790 0.9564676 1.0982578 1.0753982 1.1752599 1.0433938 1.0628014 1.1629008 1.5378354 1.1985885 1.2137748 1.3220845 1.2969562 1.3327712 1.8087502 1.9371895 2.2545323 
TKY57014.1|Spatholobus_suberectus                   0.5966522 0.5885436 0.5949554 0.5751791 0.6046266 0.6063269 0.5879626 0.5879626 0.5818020 0.5647159 0.6137614 0.1355851 0.0000000 0.1596208 0.1469968 0.1543328 0.2635155 0.4308200 0.5447286 0.4640098 0.4415707 0.4654318 0.4506803 0.4621111 0.4526916 0.5100664 0.6331781 0.6253235 0.5138520 0.5162929 0.5276386 0.5317434 0.5311420 0.5259362 0.4925003 0.5096723 0.5184961 0.5230016 0.5000929 0.5075310 0.5075310 0.5152782 0.5104856 0.5037438 0.5086263 0.5311913 0.5323504 0.5032785 0.5014161 0.4989957 0.5030314 0.5177553 0.5200904 0.5907997 0.5856479 0.6398385 0.6647590 0.6681874 0.6730173 0.6626496 0.6731468 0.6193652 0.6248319 0.6702374 0.6738682 0.7397626 0.7890026 0.7212065 0.7061990 0.7381426 0.7184767 0.6925988 0.7135852 0.7273886 0.6366168 0.7084677 0.7110209 0.7173805 0.7246047 0.7403405 0.6776382 0.6790905 0.8899120 0.9118734 0.9057170 1.0810930 1.0494253 1.1393061 0.9854432 0.9974021 1.1151315 1.5660045 1.2549050 1.2697027 1.3525675 1.3536010 1.3729664 1.8659005 1.9242973 2.2896477 
XP_017430370.1|Vigna_angularis                      0.5899108 0.5956935 0.6055086 0.5790615 0.5982796 0.6006197 0.5878072 0.5878072 0.5731239 0.5719933 0.6063818 0.1773592 0.1596208 0.0000000 0.0185369 0.0777372 0.2616973 0.4466736 0.5500795 0.4930199 0.4719332 0.4968520 0.4903893 0.4886815 0.4760804 0.5713398 0.6647592 0.6732105 0.5421668 0.5508463 0.5558421 0.5600342 0.5594768 0.5625292 0.5149936 0.5292966 0.5409317 0.5407659 0.5148887 0.5315698 0.5315698 0.5363786 0.5196572 0.5303881 0.5368864 0.5547494 0.5768432 0.5255725 0.5255200 0.5601591 0.5155231 0.5199097 0.5238396 0.6086835 0.5843704 0.6379069 0.7113820 0.7148690 0.6995438 0.6778253 0.7110131 0.6667682 0.6732269 0.7201114 0.7189467 0.7540005 0.8262324 0.7107034 0.7053718 0.7686983 0.7427028 0.7236003 0.7469544 0.7321102 0.6654774 0.7468039 0.7366551 0.7750283 0.7690406 0.7929750 0.7265251 0.7070842 0.9031794 0.9154930 0.9302714 1.0699624 1.0468138 1.1390602 1.0020280 1.0101870 1.0808065 1.5841058 1.2112901 1.2226339 1.3554010 1.3483744 1.3413671 1.9385802 1.9456494 2.2710388 
XP_014505078.1|Vigna_radiata_var_radiata            0.5909075 0.5896419 0.6010455 0.5800269 0.5992980 0.5966748 0.5838823 0.5838823 0.5705172 0.5657742 0.6034510 0.1662413 0.1469968 0.0185369 0.0000000 0.0642562 0.2677284 0.4339934 0.5512821 0.4784225 0.4685458 0.4859461 0.4796617 0.4757243 0.4632434 0.5480691 0.6400223 0.6505398 0.5310004 0.5395780 0.5512868 0.5554572 0.5548940 0.5579195 0.5041087 0.5170780 0.5241364 0.5263751 0.5066636 0.5192635 0.5192635 0.5240540 0.5074369 0.5180476 0.5244766 0.5442718 0.5719069 0.5048958 0.5048326 0.5384811 0.5155348 0.5151892 0.5357198 0.5970596 0.5786473 0.6272316 0.6966410 0.7001021 0.6906076 0.6647740 0.6956179 0.6538195 0.6602098 0.7057499 0.7046146 0.7617689 0.8337151 0.7263444 0.7163428 0.7553883 0.7339921 0.7151547 0.7382453 0.7220478 0.6558101 0.7333805 0.7265839 0.7609780 0.7478898 0.7813282 0.7157989 0.7091689 0.8889945 0.8947702 0.9237593 1.0565750 1.0329105 1.1289484 0.9922358 1.0003417 1.0680419 1.5882789 1.2158671 1.2271618 1.3478282 1.3582032 1.3502377 1.9533447 1.9717360 2.2980027 
XP_027940256.1|Vigna_unguiculata                    0.5985060 0.6018124 0.6168016 0.5813867 0.6034678 0.6119949 0.5931284 0.5931284 0.5950699 0.5842543 0.6052664 0.1774886 0.1543328 0.0777372 0.0642562 0.0000000 0.2574568 0.4229005 0.5445905 0.4616308 0.4447189 0.4614391 0.4570171 0.4610437 0.4449843 0.5268193 0.6436737 0.6311244 0.5375210 0.5407996 0.5418187 0.5460054 0.5454213 0.5484354 0.4935676 0.5217487 0.5153898 0.5216584 0.5062386 0.5143655 0.5143655 0.5191965 0.5010991 0.5099577 0.5182167 0.5518452 0.5660777 0.4993782 0.4993123 0.5313684 0.5074968 0.5157203 0.5259323 0.5757500 0.5848966 0.6177428 0.6765265 0.6799432 0.6656993 0.6450133 0.6859132 0.6381923 0.6376310 0.6881515 0.6946978 0.7481975 0.8182908 0.7063369 0.6835074 0.7593755 0.7228099 0.7050971 0.7279940 0.7091964 0.6437289 0.7097472 0.6981815 0.7549005 0.7304264 0.7736774 0.7092360 0.6977912 0.9038657 0.8771866 0.9073389 1.0473694 1.0259612 1.1121855 0.9975796 1.0133642 1.0854515 1.5801535 1.2326432 1.2348668 1.3776973 1.3497827 1.3320516 1.9614092 1.9942519 2.2615707 
XP_003616926.2|Medicago_truncatula                  0.6231951 0.6385959 0.6426152 0.6116569 0.6474529 0.6190405 0.6174916 0.6174916 0.6035356 0.6046923 0.6566304 0.2752719 0.2635155 0.2616973 0.2677284 0.2574568 0.0000000 0.4228130 0.5630275 0.5264591 0.4518357 0.4690597 0.4546671 0.4574431 0.4584664 0.5283408 0.7275375 0.6993020 0.5364866 0.5354962 0.5533172 0.5574964 0.5537860 0.5553938 0.5356349 0.5474303 0.5554539 0.5561247 0.5317207 0.5211260 0.5211260 0.5246277 0.5205431 0.5135895 0.5157572 0.5740735 0.5762823 0.5135548 0.5150970 0.5396231 0.5510692 0.5411541 0.5631076 0.6749723 0.6460564 0.6735137 0.7277007 0.7311787 0.6948903 0.6583779 0.6982675 0.6455699 0.6541515 0.7123024 0.7132385 0.7468350 0.8023065 0.7077650 0.7309288 0.7392592 0.7768552 0.7467971 0.7738450 0.7990858 0.7488089 0.7751123 0.7539915 0.8048802 0.7934096 0.8181577 0.7310215 0.7314917 0.9867091 0.9880322 0.9387940 1.0781706 1.0640474 1.1716570 1.0201210 1.0366821 1.1565118 1.5728694 1.1992632 1.2202206 1.4085649 1.3083075 1.3179414 1.9480904 1.9727163 2.1503078 
XP_003601388.3|Medicago_truncatula                  0.7097638 0.7228660 0.7225170 0.7161603 0.7096055 0.7180389 0.7107976 0.7107976 0.7098594 0.7332555 0.7750493 0.4172894 0.4308200 0.4466736 0.4339934 0.4229005 0.4228130 0.0000000 0.6352419 0.6437394 0.5168036 0.5300237 0.5090694 0.5633786 0.5458185 0.5939569 0.7350293 0.6897714 0.6344175 0.6230751 0.6580146 0.6625895 0.6533262 0.6533584 0.6510633 0.6501968 0.6107269 0.6269378 0.6414937 0.6141545 0.6141545 0.6130601 0.6005979 0.6072028 0.5953847 0.6530100 0.6502570 0.5885230 0.5870004 0.5927326 0.6380872 0.6379199 0.6603651 0.7671445 0.6527033 0.6786718 0.7996559 0.8033422 0.8376563 0.7981163 0.8600529 0.8266565 0.8216912 0.8130211 0.8132523 0.8746736 0.9317915 0.9072533 0.9057198 0.8964826 0.9249569 0.9237532 0.9265866 0.9197773 0.8621497 0.9221232 0.9171246 0.9606332 0.9359767 0.9686699 0.8596118 0.8687080 1.0402036 1.0630985 1.0088765 1.1425277 1.1181996 1.2174248 1.1089459 1.1296299 1.3330664 1.7874385 1.3310034 1.3571255 1.4929111 1.4585615 1.5292169 2.0419013 2.1154548 2.3855738 
XP_031404507.1|Punica_granatum                      0.6306353 0.6347571 0.6365498 0.6271320 0.6259082 0.6176202 0.5968136 0.5968136 0.6115856 0.6363239 0.6560074 0.5750631 0.5447286 0.5500795 0.5512821 0.5445905 0.5630275 0.6352419 0.0000000 0.3960676 0.4686921 0.4733818 0.4859375 0.4808490 0.4748731 0.5283256 0.6060660 0.5886859 0.5064889 0.5080078 0.5301362 0.5382576 0.5250409 0.5222057 0.5263573 0.5070780 0.4893022 0.4912718 0.5185887 0.5324367 0.5324367 0.5318404 0.5171685 0.5059802 0.5267475 0.5288324 0.5140875 0.5349095 0.5381476 0.5355929 0.5581983 0.5552228 0.5861936 0.6262041 0.5745386 0.6160610 0.7092557 0.7127129 0.7254906 0.6605706 0.7250421 0.6858247 0.6627080 0.7051265 0.7130864 0.6651928 0.7455785 0.6753240 0.6897028 0.7017973 0.8391078 0.7948125 0.8409440 0.7821871 0.7097209 0.7772494 0.7774469 0.8084548 0.8417262 0.7989059 0.7929561 0.7943870 0.9447732 0.9617618 0.9052537 1.0309813 0.9821475 1.1134468 0.9907938 0.9951845 1.1620593 1.6041138 1.2828064 1.2946077 1.3478826 1.2727633 1.2991382 1.8079183 1.9215456 2.1539894 
XP_030514269.1|Rhodamnia_argentea                   0.5903221 0.6189294 0.6230789 0.6192879 0.5953581 0.5811185 0.5844923 0.5844923 0.5889299 0.6035642 0.5745097 0.4697696 0.4640098 0.4930199 0.4784225 0.4616308 0.5264591 0.6437394 0.3960676 0.0000000 0.4426153 0.4471075 0.4591249 0.4433500 0.4327129 0.4860848 0.5591360 0.5238778 0.4304644 0.4299541 0.4174497 0.4249465 0.4189847 0.4195795 0.5060631 0.4861614 0.4533041 0.4563143 0.4758026 0.4785754 0.4785754 0.4782405 0.4874982 0.4664087 0.4881122 0.5174832 0.5304398 0.4882724 0.4939215 0.5160325 0.5088616 0.5261456 0.5372294 0.6026777 0.5441148 0.5898674 0.6186358 0.6218992 0.7170279 0.6564091 0.7168929 0.6757151 0.6529042 0.6286134 0.6626433 0.6302971 0.7062199 0.6716042 0.6280447 0.7191244 0.7402743 0.7100555 0.7398688 0.7065507 0.6665572 0.6791737 0.6919818 0.6901994 0.6962922 0.6655138 0.6990889 0.6981923 0.7875880 0.8076983 0.7900998 0.9341373 0.8916186 0.9754636 0.9013502 0.8982494 1.0439022 1.5574557 1.2638937 1.2814719 1.3594484 1.3142172 1.3602307 1.8524607 1.8983273 2.3127977 
XP_042988561.1|Carya_illinoinensis                  0.5714342 0.5706945 0.5811760 0.5618879 0.5797518 0.5440005 0.5465573 0.5465573 0.5368352 0.5871481 0.6023054 0.4654110 0.4415707 0.4719332 0.4685458 0.4447189 0.4518357 0.5168036 0.4686921 0.4426153 0.0000000 0.0725200 0.0653623 0.2514401 0.2446967 0.2553520 0.5101643 0.5004154 0.4163766 0.4141400 0.4116263 0.4221236 0.4068631 0.3996731 0.3767077 0.3976738 0.3647664 0.3785569 0.3939645 0.3602685 0.3602685 0.3661375 0.3659341 0.3639199 0.3603666 0.4561009 0.4500263 0.4234159 0.4202912 0.4558406 0.4424936 0.4415674 0.4915731 0.5724604 0.4774985 0.5225260 0.6268546 0.6301855 0.6540596 0.6112704 0.6446576 0.6195081 0.6097645 0.6304242 0.6474296 0.6584908 0.7140768 0.6699482 0.6791520 0.6946505 0.7382345 0.7069553 0.7297454 0.7537583 0.7206194 0.7242794 0.7155216 0.7528513 0.7459424 0.7651182 0.7351277 0.7327794 0.8943109 0.9064742 0.9050504 1.0141315 0.9532241 1.0747072 0.9414425 0.9793709 1.1403777 1.4043833 1.1797087 1.1925562 1.2857934 1.2130912 1.2737545 1.9365463 1.9280739 2.0367434 
XP_041017675.1|Juglans_microcarpa_x_Juglans_regia   0.5820397 0.5712280 0.5847344 0.5623081 0.5778177 0.5591194 0.5602799 0.5602799 0.5590379 0.5877021 0.5792865 0.4598979 0.4654318 0.4968520 0.4859461 0.4614391 0.4690597 0.5300237 0.4733818 0.4471075 0.0725200 0.0000000 0.0451988 0.2693098 0.2598727 0.2747015 0.5418614 0.5133978 0.3994596 0.4053798 0.4127846 0.4233441 0.4079959 0.4025854 0.3975855 0.4094242 0.3627540 0.3784244 0.4087052 0.3588674 0.3588674 0.3648260 0.3736102 0.3616807 0.3629687 0.4577965 0.4593467 0.4108041 0.4107637 0.4661315 0.4472428 0.4378603 0.5056105 0.5653228 0.4868547 0.5335131 0.6504006 0.6537785 0.6485975 0.6056490 0.6318890 0.6142494 0.6088025 0.6458656 0.6451996 0.6645644 0.7241581 0.6546356 0.6893442 0.6821583 0.7323283 0.7139137 0.7282639 0.7169964 0.6953619 0.7130349 0.7025260 0.7641025 0.7465111 0.7607591 0.7202835 0.7167933 0.8778134 0.8924182 0.8970179 0.9957724 0.9461488 1.0449530 0.9289880 0.9692884 1.1459564 1.4329175 1.1956795 1.2116051 1.3089479 1.2033333 1.2890195 1.8503833 1.8436152 2.0583671 
XP_018843092.1|Juglans_regia                        0.5868022 0.5845728 0.5997640 0.5755669 0.5953066 0.5579830 0.5637731 0.5637731 0.5564399 0.5957703 0.5773594 0.4561022 0.4506803 0.4903893 0.4796617 0.4570171 0.4546671 0.5090694 0.4859375 0.4591249 0.0653623 0.0451988 0.0000000 0.2612736 0.2542830 0.2699951 0.5387262 0.5146915 0.4044122 0.4160157 0.4184907 0.4222171 0.4136572 0.4063367 0.3939696 0.4170608 0.3797214 0.3905026 0.4118082 0.3687465 0.3687465 0.3747340 0.3763042 0.3654404 0.3672284 0.4712990 0.4642324 0.4325613 0.4293956 0.4711976 0.4304652 0.4263428 0.4843287 0.5671242 0.4901456 0.5267419 0.6501806 0.6535617 0.6600471 0.6162137 0.6483264 0.6199969 0.6252587 0.6424017 0.6394853 0.6686839 0.7195161 0.6519133 0.6829418 0.7029314 0.7602252 0.7387157 0.7534330 0.7482981 0.7122410 0.7378495 0.7270960 0.7903124 0.7745282 0.7837658 0.7462224 0.7426868 0.9108062 0.9172812 0.9156583 1.0217832 0.9690856 1.0715074 0.9498761 0.9904689 1.1407274 1.4419001 1.2027456 1.2155043 1.3101990 1.2226077 1.3008259 1.9131850 1.8706792 2.0831577 
XP_030951100.1|Quercus_lobata                       0.5756789 0.5719655 0.5840927 0.5673256 0.5646536 0.5398767 0.5452907 0.5452907 0.5268085 0.5590237 0.6028683 0.4707926 0.4621111 0.4886815 0.4757243 0.4610437 0.4574431 0.5633786 0.4808490 0.4433500 0.2514401 0.2693098 0.2612736 0.0000000 0.0230465 0.3492827 0.5356879 0.5232035 0.3697464 0.4122406 0.4048764 0.4130729 0.4000391 0.3927627 0.3725037 0.4101975 0.3600830 0.3533297 0.4026663 0.3499745 0.3499745 0.3590312 0.3406007 0.3448764 0.3473952 0.4658235 0.4495585 0.4155828 0.4078247 0.4624050 0.4244792 0.4132603 0.4918829 0.5585434 0.4607931 0.4950698 0.6259664 0.6292799 0.6398535 0.6085916 0.6688373 0.6231949 0.6059437 0.6342616 0.6358751 0.6515727 0.7189866 0.6524695 0.6865061 0.7271576 0.7786274 0.7537527 0.7723209 0.8004324 0.7229998 0.7761403 0.7696029 0.7843595 0.7919134 0.8121881 0.7678678 0.7269358 0.9865627 0.9781814 0.9194142 1.0768374 1.0243331 1.1176973 1.0147017 1.0142748 1.1504306 1.4362938 1.2227879 1.2424824 1.2632127 1.2134681 1.2516833 1.8796794 1.8613752 2.1311096 
XP_023912979.1|Quercus_suber                        0.5587068 0.5623166 0.5743799 0.5559249 0.5494172 0.5180505 0.5234645 0.5234645 0.5051516 0.5366808 0.5841938 0.4657601 0.4526916 0.4760804 0.4632434 0.4449843 0.4584664 0.5458185 0.4748731 0.4327129 0.2446967 0.2598727 0.2542830 0.0230465 0.0000000 0.3328738 0.5254867 0.5088513 0.3461121 0.3876495 0.3861278 0.3940971 0.3813326 0.3741910 0.3525865 0.3955575 0.3346702 0.3284930 0.3867290 0.3438124 0.3438124 0.3466615 0.3345175 0.3387391 0.3412474 0.4458935 0.4451622 0.3996166 0.3919479 0.4523142 0.4244468 0.4012038 0.4788664 0.5403980 0.4513130 0.4946334 0.6177457 0.6210378 0.6453202 0.6154947 0.6695013 0.6286667 0.6112971 0.6381908 0.6405186 0.6514272 0.7203532 0.6522688 0.6828496 0.7243796 0.7644387 0.7398682 0.7581670 0.7867549 0.7101594 0.7627609 0.7563367 0.7708868 0.7783065 0.7958890 0.7580726 0.7220113 0.9811122 0.9686415 0.9122183 1.0638347 1.0119065 1.1020615 1.0066429 1.0214221 1.1589921 1.4504292 1.2100503 1.2297620 1.2599623 1.2173947 1.2534932 1.8515806 1.8771324 2.1274475 
XP_042991128.1|Carya_illinoinensis                  0.6689755 0.6745359 0.6808752 0.6674716 0.6639827 0.6422972 0.6411717 0.6411717 0.6505292 0.6577671 0.6486752 0.5184571 0.5100664 0.5713398 0.5480691 0.5268193 0.5283408 0.5939569 0.5283256 0.4860848 0.2553520 0.2747015 0.2699951 0.3492827 0.3328738 0.0000000 0.5434469 0.5213331 0.4365978 0.4495288 0.4406225 0.4444268 0.4342921 0.4268357 0.4670567 0.4700817 0.4190884 0.4240815 0.4824071 0.4176261 0.4176261 0.4131351 0.4193802 0.4118989 0.4111915 0.4939584 0.5486693 0.4843869 0.4851105 0.4993581 0.5167089 0.5305400 0.5805853 0.6406173 0.4858226 0.5018911 0.7113446 0.7148599 0.7556031 0.6955058 0.7695507 0.7272802 0.7116699 0.7029219 0.7022922 0.7565849 0.7960623 0.7682979 0.7832704 0.7984957 0.8493753 0.8187843 0.8484481 0.8229177 0.8077555 0.8019330 0.7882229 0.8462247 0.8419605 0.8093373 0.8209473 0.8013751 0.9952392 1.0252660 1.0404262 1.1597894 1.1038977 1.2115393 1.0660033 1.0909199 1.2426874 1.4536438 1.3295375 1.3547310 1.3544079 1.3218862 1.3984381 1.9558124 1.8562782 2.1235163 
XP_022718677.1|Durio_zibethinus                     0.6703031 0.7335596 0.7229902 0.7359896 0.6950198 0.7118710 0.7071960 0.7071960 0.7036015 0.6915054 0.7440953 0.6470128 0.6331781 0.6647592 0.6400223 0.6436737 0.7275375 0.7350293 0.6060660 0.5591360 0.5101643 0.5418614 0.5387262 0.5356879 0.5254867 0.5434469 0.0000000 0.1574236 0.3510894 0.3381339 0.3491754 0.3549603 0.3486550 0.3497984 0.5778851 0.5154530 0.4983894 0.5240965 0.5524071 0.5034199 0.5034199 0.4926047 0.4939868 0.4911653 0.4961205 0.4968339 0.5954884 0.6315598 0.6336241 0.6123453 0.6190937 0.6159306 0.5956985 0.6556969 0.6025780 0.5877725 0.7631409 0.7668701 0.8195850 0.7773169 0.8407239 0.7925967 0.7826706 0.7475809 0.7422770 0.7507995 0.8512637 0.8138558 0.7546872 0.7873967 0.8893453 0.8565173 0.8862105 0.8940778 0.8301563 0.8777698 0.8848445 0.9331679 0.9385935 0.9866818 0.9280867 0.9381044 1.0810287 1.1125546 1.0979746 1.1268901 1.1203667 1.1900918 1.1201190 1.1400153 1.2872858 1.6413503 1.3625093 1.3905517 1.4481296 1.3925992 1.4095520 1.8854398 1.8821210 2.2617730 
XP_007029832.2|Theobroma_cacao                      0.6263241 0.6790885 0.6728681 0.6861075 0.6478718 0.6579876 0.6709672 0.6709672 0.6717121 0.6482673 0.7178365 0.6441633 0.6253235 0.6732105 0.6505398 0.6311244 0.6993020 0.6897714 0.5886859 0.5238778 0.5004154 0.5133978 0.5146915 0.5232035 0.5088513 0.5213331 0.1574236 0.0000000 0.3282938 0.3333228 0.3608412 0.3698778 0.3576895 0.3588631 0.5480233 0.5308547 0.4800826 0.5093601 0.5417982 0.4984710 0.4984710 0.4960400 0.4936483 0.4847626 0.4896864 0.4948009 0.5764613 0.5596944 0.5674315 0.5942404 0.6019090 0.5981802 0.6083158 0.6334291 0.5718706 0.5704747 0.7629364 0.7666780 0.8332246 0.7677595 0.8326711 0.7848819 0.7760651 0.7361912 0.7410607 0.7283911 0.8359804 0.8095844 0.7597485 0.7958537 0.8685142 0.8364322 0.8617804 0.8633883 0.8007006 0.8451661 0.8527486 0.9274859 0.9256869 0.9542114 0.9083578 0.9225763 1.0022252 1.0590161 1.0593852 1.1263382 1.0972779 1.2202085 1.1039343 1.1277328 1.2912798 1.5511270 1.3344258 1.3622276 1.3687873 1.2821610 1.3492230 1.8231002 1.8765698 2.1808079 
XP_022718676.1|Durio_zibethinus                     0.5216221 0.5582320 0.5560684 0.5537586 0.5338957 0.5435202 0.5335298 0.5335298 0.5180313 0.5453804 0.5638558 0.5194015 0.5138520 0.5421668 0.5310004 0.5375210 0.5364866 0.6344175 0.5064889 0.4304644 0.4163766 0.3994596 0.4044122 0.3697464 0.3461121 0.4365978 0.3510894 0.3282938 0.0000000 0.1316450 0.1143587 0.1185522 0.1120334 0.1124707 0.4170846 0.4036600 0.3938770 0.4050056 0.4390766 0.4044686 0.4044686 0.3972298 0.3917305 0.3969204 0.3958487 0.3672838 0.4726322 0.4421558 0.4443652 0.4994256 0.5401316 0.5009627 0.5470493 0.5981027 0.4845084 0.5014915 0.6851685 0.6816407 0.7065501 0.6667706 0.6994204 0.6800667 0.6913803 0.6614202 0.6815624 0.6096486 0.7116358 0.6668137 0.6472878 0.7199251 0.7780933 0.7369986 0.7664184 0.7818379 0.7183497 0.7582162 0.7736615 0.7833228 0.7998837 0.8290437 0.7540503 0.7667115 0.9831027 0.9846741 0.9426907 1.0255291 0.9773147 1.0772948 0.9927335 1.0003834 1.1464652 1.4817330 1.1801350 1.2043974 1.2896876 1.2018045 1.2648599 1.7579748 1.6797692 2.1291411 
XP_017977387.1|Theobroma_cacao                      0.5119198 0.5558609 0.5491410 0.5546947 0.5263696 0.5469412 0.5401195 0.5401195 0.5449371 0.5468375 0.5488930 0.5292789 0.5162929 0.5508463 0.5395780 0.5407996 0.5354962 0.6230751 0.5080078 0.4299541 0.4141400 0.4053798 0.4160157 0.4122406 0.3876495 0.4495288 0.3381339 0.3333228 0.1316450 0.0000000 0.1635329 0.1678841 0.1652171 0.1649761 0.4196243 0.4054369 0.4072952 0.4140235 0.4352391 0.3728372 0.3728372 0.3624434 0.3773535 0.3722541 0.3706955 0.3381089 0.4663643 0.4633492 0.4676802 0.5114468 0.5061884 0.4764777 0.5259132 0.5748831 0.4777138 0.4886652 0.6727368 0.6692168 0.7100461 0.6864988 0.6906631 0.6721297 0.6859852 0.6468922 0.6663403 0.6205763 0.7150725 0.7015278 0.6858626 0.7353563 0.7428133 0.7199575 0.7456841 0.7773371 0.7130979 0.7288114 0.7337652 0.7384436 0.7699612 0.8074827 0.7442138 0.7489925 0.9706298 0.9882751 0.9410730 1.0351664 0.9854778 1.0891338 0.9876044 0.9909632 1.1394070 1.4815156 1.2339102 1.2508664 1.3208001 1.2305983 1.2513026 1.8700341 1.8194261 2.0444632 
XP_017631612.1|Gossypium_arboreum                   0.5381651 0.5786420 0.5750843 0.5642784 0.5647224 0.5563769 0.5516213 0.5516213 0.5412453 0.5699614 0.5861564 0.5345772 0.5276386 0.5558421 0.5512868 0.5418187 0.5533172 0.6580146 0.5301362 0.4174497 0.4116263 0.4127846 0.4184907 0.4048764 0.3861278 0.4406225 0.3491754 0.3608412 0.1143587 0.1635329 0.0000000 0.0060734 0.0101606 0.0122122 0.4301929 0.4007886 0.4117764 0.4186553 0.4355537 0.3993967 0.3993967 0.3985025 0.4058968 0.3993684 0.3996547 0.3833224 0.5046351 0.4449945 0.4507519 0.5098723 0.5116252 0.5070892 0.5257904 0.6085542 0.5167447 0.5292971 0.6906392 0.6871031 0.7107913 0.6671854 0.6867934 0.6758716 0.6922152 0.6564160 0.6805324 0.6115726 0.7116533 0.6779545 0.6376906 0.7434590 0.7861721 0.7472291 0.7787246 0.7877612 0.7405392 0.7678958 0.7801194 0.7773442 0.8071055 0.8239470 0.7604706 0.7601357 0.9713677 0.9773407 0.9474671 1.0298328 0.9894356 1.0833409 0.9932554 0.9954204 1.1410928 1.4430005 1.1928364 1.2169532 1.2799246 1.2294543 1.2978494 1.7963245 1.6911388 2.0650588 
XP_016727798.1|Gossypium_hirsutum                   0.5423401 0.5829399 0.5793621 0.5685479 0.5689689 0.5685974 0.5638875 0.5638875 0.5533575 0.5823567 0.5868614 0.5387034 0.5317434 0.5600342 0.5554572 0.5460054 0.5574964 0.6625895 0.5382576 0.4249465 0.4221236 0.4233441 0.4222171 0.4130729 0.3940971 0.4444268 0.3549603 0.3698778 0.1185522 0.1678841 0.0060734 0.0000000 0.0163323 0.0184034 0.4410617 0.4044547 0.4224539 0.4294057 0.4466879 0.4088135 0.4088135 0.4047273 0.4121878 0.4087761 0.4090717 0.3936468 0.5161550 0.4526328 0.4584631 0.5181419 0.5199043 0.5153282 0.5340736 0.6190477 0.5286758 0.5401580 0.7007630 0.6972047 0.7250538 0.6807156 0.7006826 0.6894968 0.7059894 0.6598499 0.6840655 0.6245351 0.7229134 0.6877550 0.6470797 0.7522272 0.7912400 0.7521445 0.7837450 0.7928300 0.7456123 0.7728909 0.7851504 0.7823381 0.8088212 0.8292024 0.7654665 0.7651145 0.9771217 0.9831449 0.9528550 1.0368737 0.9962438 1.0905994 1.0000325 1.0021974 1.1460897 1.4546465 1.2070942 1.2312618 1.2842492 1.2494481 1.3161599 1.8218710 1.7066698 2.0862989 
XP_016697670.1|Gossypium_hirsutum                   0.5292865 0.5648355 0.5626722 0.5505801 0.5556984 0.5521598 0.5497002 0.5497002 0.5323595 0.5622466 0.5798039 0.5383979 0.5311420 0.5594768 0.5548940 0.5454213 0.5537860 0.6533262 0.5250409 0.4189847 0.4068631 0.4079959 0.4136572 0.4000391 0.3813326 0.4342921 0.3486550 0.3576895 0.1120334 0.1652171 0.0101606 0.0163323 0.0000000 0.0060897 0.4351673 0.3963539 0.4143404 0.4212560 0.4404185 0.3922543 0.3922543 0.3913793 0.3987236 0.3922329 0.3925127 0.3828254 0.4951727 0.4452208 0.4509942 0.5048017 0.5084649 0.5009997 0.5355090 0.6135062 0.5093983 0.5274683 0.6973967 0.6938370 0.7217456 0.6725237 0.6922830 0.6812512 0.6976628 0.6651242 0.6895539 0.6281113 0.7260902 0.6868722 0.6497803 0.7447224 0.7950261 0.7543840 0.7874906 0.7934731 0.7535480 0.7766101 0.7889051 0.7926131 0.8172953 0.8350739 0.7682732 0.7659433 0.9890364 0.9951728 0.9609276 1.0443099 1.0071823 1.1023149 1.0141725 1.0130891 1.1529120 1.4580838 1.2051046 1.2292382 1.2928144 1.2438480 1.3130713 1.8341708 1.7003491 2.0543970 
XP_012492359.1|Gossypium_raimondii                  0.5337479 0.5741439 0.5719254 0.5597943 0.5602631 0.5567022 0.5542584 0.5542584 0.5389976 0.5655126 0.5847639 0.5394636 0.5259362 0.5625292 0.5579195 0.5484354 0.5553938 0.6533584 0.5222057 0.4195795 0.3996731 0.4025854 0.4063367 0.3927627 0.3741910 0.4268357 0.3497984 0.3588631 0.1124707 0.1649761 0.0122122 0.0184034 0.0060897 0.0000000 0.4291923 0.3994860 0.4150026 0.4219371 0.4403004 0.3942284 0.3942284 0.3933456 0.4007243 0.3942050 0.3944874 0.3826856 0.4984726 0.4458556 0.4441806 0.4976218 0.5109976 0.5034966 0.5370221 0.6154145 0.5069357 0.5301440 0.6953500 0.6917914 0.7114017 0.6642785 0.6838318 0.6719687 0.6892851 0.6609281 0.6852783 0.6241466 0.7181304 0.6800193 0.6457803 0.7424785 0.8033968 0.7624244 0.7957686 0.8018288 0.7605177 0.7848264 0.7972049 0.8009139 0.8291005 0.8412141 0.7719741 0.7715981 0.9936541 0.9998384 0.9625574 1.0494656 1.0144092 1.1101596 1.0211324 1.0232991 1.1580363 1.4644877 1.2057142 1.2298650 1.2935290 1.2444930 1.3137958 1.8418166 1.7118370 2.0723274 
XP_021671711.1|Hevea_brasiliensis                   0.5521088 0.5803098 0.5817693 0.5800028 0.5773373 0.5667273 0.5683343 0.5683343 0.5727033 0.5798502 0.6316654 0.5122336 0.4925003 0.5149936 0.5041087 0.4935676 0.5356349 0.6510633 0.5263573 0.5060631 0.3767077 0.3975855 0.3939696 0.3725037 0.3525865 0.4670567 0.5778851 0.5480233 0.4170846 0.4196243 0.4301929 0.4410617 0.4351673 0.4291923 0.0000000 0.2535247 0.3187481 0.3042004 0.2812432 0.3863161 0.3863161 0.3855315 0.3943698 0.3833435 0.3831419 0.4302342 0.4279932 0.4523269 0.4456250 0.4870694 0.4863712 0.4933172 0.5653094 0.5924855 0.4382639 0.5255642 0.6420883 0.6454530 0.6889598 0.6341345 0.6815211 0.6500973 0.6404072 0.6323858 0.6410717 0.6498069 0.7359783 0.7354977 0.7152293 0.7492399 0.8127434 0.7779189 0.8048940 0.8192933 0.7829559 0.7919716 0.8021115 0.8251759 0.7981105 0.8550333 0.7999342 0.7922731 0.9356476 0.9736701 0.9473288 1.0316456 0.9827780 1.0828955 0.9889282 0.9912574 1.1638995 1.5192892 1.1710531 1.1796399 1.2737855 1.2171649 1.2795664 2.0119192 1.9608767 2.1216841 
XP_012073533.1|Jatropha_curcas                      0.5363500 0.5703039 0.5727628 0.5737739 0.5631828 0.5438071 0.5456824 0.5456824 0.5544608 0.5680106 0.6131570 0.5120771 0.5096723 0.5292966 0.5170780 0.5217487 0.5474303 0.6501968 0.5070780 0.4861614 0.3976738 0.4094242 0.4170608 0.4101975 0.3955575 0.4700817 0.5154530 0.5308547 0.4036600 0.4054369 0.4007886 0.4044547 0.3963539 0.3994860 0.2535247 0.0000000 0.3508505 0.3466766 0.2619212 0.4239372 0.4239372 0.4234885 0.4282977 0.4218726 0.4212555 0.4617867 0.4165674 0.4205445 0.4250185 0.4763596 0.4948933 0.4818879 0.5522496 0.5808996 0.4888096 0.5236011 0.6552939 0.6587037 0.6829239 0.6411231 0.6881208 0.6470058 0.6614019 0.5804456 0.5879344 0.6663408 0.7781253 0.7138212 0.6865812 0.7801443 0.7585840 0.7204721 0.7541153 0.7937784 0.7319700 0.7525070 0.7546588 0.7444024 0.7758518 0.8037696 0.7247714 0.7363867 0.9339538 0.9628149 0.9310675 1.0570143 1.0093609 1.1121335 1.0056648 1.0104566 1.1628715 1.5359358 1.1909755 1.2021026 1.2044833 1.2363197 1.2925872 1.9511725 1.9677452 2.1296490 
XP_011041114.1|Populus_euphratica                   0.5538279 0.5616449 0.5701478 0.5650745 0.5595356 0.5576831 0.5477734 0.5477734 0.5346111 0.5672827 0.5830251 0.5184907 0.5184961 0.5409317 0.5241364 0.5153898 0.5554539 0.6107269 0.4893022 0.4533041 0.3647664 0.3627540 0.3797214 0.3600830 0.3346702 0.4190884 0.4983894 0.4800826 0.3938770 0.4072952 0.4117764 0.4224539 0.4143404 0.4150026 0.3187481 0.3508505 0.0000000 0.0315414 0.3233181 0.3746130 0.3746130 0.3756904 0.3713217 0.3737652 0.3780162 0.4230690 0.3959095 0.4024538 0.4009323 0.4393227 0.4703854 0.4608804 0.5402114 0.5961517 0.4470050 0.4976354 0.6529028 0.6563319 0.6333944 0.6112990 0.6738847 0.6446113 0.6362446 0.6113889 0.6114782 0.6979825 0.7963976 0.7123345 0.7309388 0.6953228 0.7550122 0.7222480 0.7574426 0.7706917 0.7437496 0.7604675 0.7597863 0.7856589 0.7876960 0.7719090 0.7569559 0.7590612 0.9482850 0.9634335 0.9340688 1.0432649 1.0037055 1.1173975 1.0341956 1.0371830 1.1479396 1.4479587 1.1538334 1.1725938 1.2801774 1.1930822 1.2461399 1.9261291 1.9733489 2.2266120 
