100
NP_180916.1|Arabidopsis_thaliana|LYK5               0.0000000 0.0630837 0.0680507 0.0578985 0.0503832 0.1362885 0.1456836 0.1456836 0.1535381 0.1639291 0.3430056 0.5211608 0.5185838 0.5187739 0.5136329 0.5220797 0.5441820 0.6365515 0.5775156 0.5493428 0.4794209 0.4781422 0.4898136 0.4995567 0.4857655 0.5732916 0.6402298 0.5997979 0.4802446 0.4590904 0.4819517 0.4864662 0.4737690 0.4785358 0.5133001 0.4801214 0.5057214 0.4983801 0.4787455 0.4813486 0.4813486 0.4883901 0.4957472 0.4775222 0.4823630 0.5080324 0.5657158 0.5306208 0.5366981 0.5583501 0.4858749 0.5048199 0.5487301 0.6635996 0.6035707 0.6537476 0.7646233 0.7676721 0.6692783 0.6178060 0.6416330 0.6066420 0.6334499 0.6437117 0.6490574 0.6894126 0.7969992 0.7255391 0.7197601 0.7394704 0.7817992 0.7797124 0.7886105 0.7968057 0.7258958 0.8014409 0.7953144 0.7884747 0.8118128 0.8748305 0.7924077 0.7936675 0.9245851 0.9671397 0.9802306 1.0529604 1.0025903 1.1256185 0.9909481 1.0058611 1.0600288 1.4000458 1.1472903 1.1582975 1.1728832 1.2141682 1.2408266 1.8183076 1.7724717 1.8875453 
XP_010413840.1|Camelina_sativa                      0.0630837 0.0000000 0.0188282 0.0213197 0.0552654 0.1490161 0.1528569 0.1528569 0.1587106 0.1469480 0.3468815 0.5248959 0.5066023 0.5181340 0.5053806 0.5214514 0.5585570 0.6217330 0.5738907 0.5560956 0.4803038 0.4787972 0.4930117 0.4886593 0.4749629 0.5714911 0.6737700 0.6258361 0.4960418 0.4809868 0.5094248 0.5140429 0.4960932 0.5059412 0.5394006 0.5074399 0.5030375 0.4990295 0.5040784 0.4898036 0.4898036 0.4969502 0.5030254 0.4849737 0.4898980 0.5207850 0.5642686 0.5264501 0.5377712 0.5577189 0.5075422 0.5102133 0.5796614 0.6619205 0.6042800 0.6460993 0.7773612 0.7814357 0.6889700 0.6363228 0.6606004 0.6202547 0.6525487 0.6666506 0.6684682 0.7326009 0.8007179 0.7317994 0.7367442 0.7666379 0.7825285 0.7728772 0.7818141 0.8056945 0.7186846 0.8088126 0.8064716 0.7871917 0.8116340 0.8551453 0.7910696 0.7853685 0.9137172 0.9549742 0.9693457 1.0449675 0.9991743 1.1090424 0.9860149 1.0099189 1.0643264 1.4272528 1.1759750 1.1967594 1.2007830 1.2635150 1.2707991 1.8760270 1.8080861 1.9364291 
XP_010469453.1|Camelina_sativa                      0.0680507 0.0188282 0.0000000 0.0308880 0.0601715 0.1491997 0.1530423 0.1530423 0.1647167 0.1569118 0.3570386 0.5274537 0.5163428 0.5277840 0.5166068 0.5364535 0.5682857 0.6305462 0.5779032 0.5668530 0.4911068 0.4926400 0.5085416 0.5048123 0.4909833 0.5795434 0.6739329 0.6303322 0.5036158 0.4833861 0.5152783 0.5199072 0.5034265 0.5133050 0.5415652 0.5159472 0.5199194 0.5153526 0.5089015 0.4930330 0.4930330 0.5001511 0.5062182 0.4882092 0.4931213 0.5233267 0.5782158 0.5381644 0.5496078 0.5631808 0.5079455 0.5106101 0.5726869 0.6599430 0.6143828 0.6626872 0.7765914 0.7806594 0.6912666 0.6377589 0.6611569 0.6224424 0.6547660 0.6687831 0.6716514 0.7428517 0.7959769 0.7406110 0.7428229 0.7604113 0.8046014 0.7912860 0.8002725 0.8246560 0.7408854 0.8277464 0.8253496 0.7982856 0.8230186 0.8748495 0.8095692 0.8038132 0.9321193 0.9734631 0.9877919 1.0596218 1.0133574 1.1275203 1.0049548 1.0276470 1.0848063 1.4339705 1.1847439 1.2055269 1.2005118 1.2792721 1.2866090 1.8618587 1.8067142 1.9492797 
XP_010509863.1|Camelina_sativa                      0.0578985 0.0213197 0.0308880 0.0000000 0.0600258 0.1537989 0.1520271 0.1520271 0.1578463 0.1604192 0.3421980 0.5182702 0.5000637 0.5040615 0.4989326 0.5072686 0.5379776 0.6284037 0.5634683 0.5482793 0.4735557 0.4719614 0.4860845 0.4844781 0.4725143 0.5687038 0.6800575 0.6345634 0.4970505 0.4855662 0.5021851 0.5067953 0.4888918 0.4987049 0.5398418 0.5157889 0.5103615 0.5063089 0.5127391 0.4862653 0.4862653 0.4933936 0.4994362 0.4814625 0.4863657 0.5249617 0.5631232 0.5298232 0.5411632 0.5570808 0.5025965 0.5124017 0.5688368 0.6659343 0.6103541 0.6641034 0.7681327 0.7721876 0.6820747 0.6297038 0.6538869 0.6137364 0.6459189 0.6630279 0.6648343 0.7126608 0.7820212 0.7178007 0.7226390 0.7461205 0.7777010 0.7607536 0.7671814 0.7891951 0.7068649 0.7961689 0.7900036 0.7800146 0.8044060 0.8438570 0.7839718 0.7782793 0.9076801 0.9458165 0.9730027 1.0514111 1.0098372 1.1174536 0.9976007 1.0146465 1.0649270 1.3896380 1.1797217 1.2005003 1.1867679 1.2585679 1.2722620 1.8433459 1.8001483 1.9416675 
XP_006295585.1|Capsella_rubella                     0.0503832 0.0552654 0.0601715 0.0600258 0.0000000 0.1301316 0.1426255 0.1426255 0.1451391 0.1539111 0.3388216 0.5198773 0.5117816 0.5157971 0.5106770 0.5153390 0.5594541 0.6278965 0.5659951 0.5460378 0.4838950 0.4801619 0.4983293 0.4841529 0.4721832 0.5637041 0.6500644 0.6094943 0.4854094 0.4647328 0.5020064 0.5065849 0.4936947 0.4985501 0.5311567 0.4950373 0.5008643 0.4928197 0.5004265 0.4862641 0.4862641 0.4933314 0.4993219 0.4811115 0.4944521 0.5090452 0.5571485 0.5121420 0.5231845 0.5468253 0.4869733 0.5058833 0.5517287 0.6692995 0.6007217 0.6349016 0.7608518 0.7648737 0.6680031 0.6254654 0.6403067 0.6100999 0.6350059 0.6413373 0.6467070 0.7207295 0.7956632 0.7531408 0.7381706 0.7486583 0.7685171 0.7664143 0.7753284 0.7868175 0.7141316 0.7902218 0.7840988 0.7723773 0.8028987 0.8580078 0.7869624 0.7882081 0.8965854 0.9352578 0.9583783 1.0236121 0.9742984 1.0978490 0.9754602 0.9894944 1.0571212 1.3757565 1.1540367 1.1758532 1.1728129 1.2333224 1.2611993 1.8044529 1.7710306 1.8983206 
XP_013671298.1|Brassica_napus                       0.1362885 0.1490161 0.1491997 0.1537989 0.1301316 0.0000000 0.0410267 0.0410267 0.0512624 0.1392431 0.3266558 0.5589359 0.5465726 0.5480059 0.5363346 0.5491131 0.5658167 0.6683585 0.5840839 0.5472736 0.4693439 0.4732791 0.4787828 0.4903007 0.4709492 0.5632100 0.6913703 0.6390872 0.5108008 0.5008491 0.5168865 0.5303040 0.5084594 0.5133921 0.5255734 0.4936003 0.5237642 0.5263333 0.4850452 0.5011007 0.5011007 0.5043947 0.5156669 0.4959175 0.5023414 0.5190302 0.5786271 0.5411315 0.5472656 0.5719207 0.4898725 0.5038072 0.5708178 0.6705796 0.5911166 0.6592466 0.7376493 0.7416031 0.6595447 0.6039673 0.6298296 0.6083509 0.6353118 0.6282161 0.6362409 0.7170521 0.7574095 0.7181953 0.7282799 0.7462854 0.7597613 0.7557437 0.7731221 0.7672067 0.7130209 0.7669770 0.7725518 0.7808294 0.7910381 0.8059185 0.7492672 0.7509757 0.8726374 0.9000763 0.9360491 0.9919860 0.9455884 1.0776678 0.9434195 0.9731359 1.0579911 1.4572253 1.2130872 1.2231233 1.1881465 1.3134938 1.3158399 1.8755404 1.7875112 1.9627049 
XP_013662422.1|Brassica_napus                       0.1456836 0.1528569 0.1530423 0.1520271 0.1426255 0.0410267 0.0000000 0.0000010 0.0639979 0.1369660 0.3312343 0.5334997 0.5245646 0.5308915 0.5194190 0.5256323 0.5593192 0.6515751 0.5680521 0.5380634 0.4662850 0.4685893 0.4790920 0.4863610 0.4672344 0.5587566 0.6864088 0.6459974 0.4968017 0.4942184 0.5142709 0.5277461 0.5058084 0.5107600 0.5116187 0.4897828 0.5050360 0.5097507 0.4793929 0.5074058 0.5074058 0.5107030 0.5105992 0.5012523 0.5076926 0.4928815 0.5731611 0.5296081 0.5356066 0.5660116 0.4797431 0.4906703 0.5661817 0.6523681 0.5650274 0.6457294 0.7338723 0.7378010 0.6530448 0.5979975 0.6415936 0.6181293 0.6358247 0.6369763 0.6422923 0.7071693 0.7442534 0.7148252 0.7192126 0.7501893 0.7287345 0.7287630 0.7430166 0.7423643 0.7144409 0.7441812 0.7477967 0.7703052 0.7787597 0.8060414 0.7391273 0.7408036 0.8549234 0.8820203 0.9149353 0.9882464 0.9348278 1.0745468 0.9340267 0.9642901 1.0657326 1.5146626 1.2000891 1.2103372 1.1661802 1.3148328 1.3188143 1.9212366 1.8024066 1.9805168 
XP_009141328.1|Brassica_rapa                        0.1456836 0.1528569 0.1530423 0.1520271 0.1426255 0.0410267 0.0000010 0.0000000 0.0639979 0.1369660 0.3312343 0.5334997 0.5245646 0.5308915 0.5194190 0.5256323 0.5593192 0.6515751 0.5680521 0.5380634 0.4662850 0.4685893 0.4790920 0.4863610 0.4672344 0.5587566 0.6864088 0.6459974 0.4968017 0.4942184 0.5142709 0.5277461 0.5058084 0.5107600 0.5116187 0.4897828 0.5050360 0.5097507 0.4793929 0.5074058 0.5074058 0.5107030 0.5105992 0.5012523 0.5076926 0.4928815 0.5731611 0.5296081 0.5356066 0.5660116 0.4797431 0.4906703 0.5661817 0.6523681 0.5650274 0.6457294 0.7338723 0.7378010 0.6530448 0.5979975 0.6415936 0.6181293 0.6358247 0.6369763 0.6422923 0.7071693 0.7442534 0.7148252 0.7192126 0.7501893 0.7287345 0.7287630 0.7430166 0.7423643 0.7144409 0.7441812 0.7477967 0.7703052 0.7787597 0.8060414 0.7391273 0.7408036 0.8549234 0.8820203 0.9149353 0.9882464 0.9348278 1.0745468 0.9340267 0.9642901 1.0657326 1.5146626 1.2000891 1.2103372 1.1661802 1.3148328 1.3188143 1.9212366 1.8024066 1.9805168 
XP_018484364.1|Raphanus_sativus                     0.1535381 0.1587106 0.1647167 0.1578463 0.1451391 0.0512624 0.0639979 0.0639979 0.0000000 0.1475512 0.3368146 0.5302598 0.5108363 0.5120280 0.5018887 0.5276417 0.5438584 0.6450633 0.5797535 0.5415727 0.4526162 0.4645814 0.4685775 0.4695651 0.4505937 0.5698671 0.6790031 0.6509838 0.4841909 0.4954003 0.4929225 0.5061194 0.4846341 0.4917786 0.5161515 0.4895358 0.4860980 0.4900411 0.4793529 0.4912154 0.4912154 0.4982575 0.4976604 0.4851608 0.4915338 0.5017345 0.5729268 0.5214153 0.5274058 0.5428950 0.4944595 0.4859870 0.5456088 0.6660221 0.5775092 0.6487765 0.7220785 0.7260362 0.6479809 0.6028547 0.6370276 0.6100397 0.6372541 0.6247116 0.6311371 0.6826995 0.7435320 0.7122450 0.7228619 0.7264557 0.7237881 0.7329415 0.7417021 0.7565907 0.6977927 0.7497619 0.7553067 0.7869419 0.7899023 0.7985398 0.7292096 0.7308676 0.8500646 0.8771659 0.9282850 0.9793463 0.9374468 1.0677859 0.9321351 0.9617148 1.0526981 1.4322009 1.1864145 1.1968797 1.1563640 1.2717898 1.3029860 1.8470866 1.7676916 2.0121789 
XP_006410503.2|Eutrema_salsugineum                  0.1639291 0.1469480 0.1569118 0.1604192 0.1539111 0.1392431 0.1369660 0.1369660 0.1475512 0.0000000 0.3088287 0.5037200 0.4841313 0.4981337 0.4854650 0.5041725 0.5220936 0.6406271 0.5770240 0.5660585 0.4912458 0.4839319 0.4990267 0.4838408 0.4646075 0.5604376 0.6657266 0.6208929 0.5146152 0.5046724 0.5284231 0.5420343 0.5198765 0.5234565 0.5424306 0.5186518 0.5197962 0.5203752 0.5207466 0.5223157 0.5223157 0.5295055 0.5266985 0.5173208 0.5311302 0.5148309 0.5674814 0.5524480 0.5586108 0.5792902 0.5303417 0.5312524 0.5675008 0.6442904 0.5884874 0.6190695 0.7585085 0.7625573 0.6987170 0.6534180 0.6750940 0.6420131 0.6670993 0.6196956 0.6249778 0.7267543 0.7636077 0.7218816 0.7248149 0.7501075 0.7648155 0.7553739 0.7604775 0.7971723 0.7224008 0.7718672 0.7651056 0.7760977 0.7813106 0.8180692 0.7655785 0.7673556 0.9009480 0.9407446 0.9315824 0.9839134 0.9693730 1.0789770 0.9419255 0.9704067 1.0227384 1.3947461 1.1894730 1.1996126 1.2004551 1.2800364 1.3119122 1.8980735 1.8253980 1.9495327 
XP_010523260.1|Tarenaya_hassleriana                 0.3430056 0.3468815 0.3570386 0.3421980 0.3388216 0.3266558 0.3312343 0.3312343 0.3368146 0.3088287 0.0000000 0.5399777 0.5491795 0.5414129 0.5374587 0.5400165 0.5818221 0.6769471 0.5929076 0.5189150 0.5216142 0.4940865 0.4918698 0.5138840 0.4913058 0.5431699 0.6831844 0.6452392 0.4853958 0.4719843 0.5137817 0.5144867 0.5055433 0.5106365 0.5927281 0.5559926 0.5147911 0.5290401 0.5289440 0.5090585 0.5090585 0.5091665 0.5158126 0.5136053 0.5208440 0.5121516 0.6123756 0.5306139 0.5366716 0.5624441 0.5116131 0.5200820 0.5570385 0.6670978 0.5875592 0.6546639 0.7284241 0.7323839 0.6684536 0.6581349 0.6975018 0.6481786 0.6575420 0.5985491 0.6007726 0.7161086 0.7639884 0.6961931 0.7025027 0.7561384 0.7647270 0.7614807 0.7735418 0.7635393 0.6994955 0.7579652 0.7688065 0.8027918 0.8087835 0.8060139 0.7964212 0.7721923 0.9105160 0.9247128 0.9281859 0.9645862 0.9574957 1.0493371 0.9786025 0.9766900 1.0629396 1.3360441 1.1522246 1.1707596 1.1657194 1.3476941 1.3535095 1.9040973 1.8106728 1.9489708 
XP_029126859.1|Cajanus_cajan                        0.5211608 0.5248959 0.5274537 0.5182702 0.5198773 0.5589359 0.5334997 0.5334997 0.5302598 0.5037200 0.5399777 0.0000000 0.1169332 0.1546758 0.1487837 0.1567650 0.2404600 0.3696086 0.5140122 0.4130224 0.4029614 0.3929605 0.3955515 0.4149434 0.4050207 0.4373438 0.5786430 0.5713214 0.4471629 0.4425510 0.4692910 0.4737916 0.4687368 0.4697434 0.4694919 0.4712228 0.4413391 0.4446414 0.4259253 0.4344969 0.4344969 0.4409796 0.4272191 0.4312122 0.4426205 0.4686878 0.5331843 0.4284230 0.4283029 0.4266234 0.4364378 0.4284325 0.4650882 0.5393574 0.5082148 0.5555050 0.6047492 0.6084974 0.5943575 0.5753903 0.5900285 0.5680648 0.5680231 0.6183674 0.6160215 0.6737254 0.7128514 0.6260164 0.6358700 0.6768366 0.6790061 0.6796373 0.6831847 0.6773920 0.5880485 0.6743015 0.6676679 0.7069174 0.7120378 0.7113097 0.6571654 0.6546218 0.8066109 0.8149983 0.8309915 0.9824854 0.9615396 1.0637908 0.9262085 0.9559965 1.0298687 1.3871983 1.0816883 1.1023586 1.1838542 1.2330851 1.2495788 1.7932429 1.8548318 2.0645407 
TKY57014.1|Spatholobus_suberectus                   0.5185838 0.5066023 0.5163428 0.5000637 0.5117816 0.5465726 0.5245646 0.5245646 0.5108363 0.4841313 0.5491795 0.1169332 0.0000000 0.1508367 0.1450156 0.1566188 0.2366117 0.3878517 0.4828068 0.4082834 0.3797908 0.3967399 0.3874153 0.4109873 0.4036513 0.4308020 0.5571191 0.5545099 0.4451241 0.4377931 0.4623073 0.4667425 0.4614624 0.4557693 0.4552626 0.4737627 0.4541449 0.4603217 0.4486090 0.4444223 0.4444223 0.4508851 0.4455357 0.4385126 0.4432447 0.4662913 0.4722953 0.4608584 0.4586893 0.4356530 0.4399679 0.4494393 0.4651004 0.5552792 0.5190170 0.5785784 0.5585123 0.5621595 0.5766887 0.5716461 0.5727120 0.5229479 0.5322499 0.5742166 0.5695865 0.6365852 0.6806182 0.6206117 0.6183269 0.6254280 0.6192398 0.6080282 0.6153279 0.6287248 0.5521051 0.6147880 0.6210232 0.6362526 0.6344180 0.6460508 0.5930606 0.5941597 0.7789937 0.7975374 0.7972112 0.9603003 0.9354174 1.0320465 0.8831964 0.9120001 0.9990280 1.4061707 1.1439924 1.1644298 1.2143124 1.2706462 1.2845458 1.8509943 1.8345977 2.0862970 
XP_017430370.1|Vigna_angularis                      0.5187739 0.5181340 0.5277840 0.5040615 0.5157971 0.5480059 0.5308915 0.5308915 0.5120280 0.4981337 0.5414129 0.1546758 0.1508367 0.0000000 0.0141639 0.0638904 0.2426606 0.3922324 0.5110896 0.4481043 0.4215330 0.4353291 0.4350293 0.4394626 0.4213373 0.4813532 0.5970647 0.6015476 0.4808744 0.4799655 0.5015507 0.5061373 0.5006591 0.5038482 0.4711792 0.4859639 0.4685971 0.4733341 0.4676913 0.4684914 0.4684914 0.4749369 0.4566641 0.4702886 0.4750799 0.4816973 0.5213362 0.4606758 0.4605660 0.4819250 0.4498364 0.4371661 0.4638205 0.5574474 0.5184417 0.5758856 0.5979289 0.6016251 0.6021192 0.5788177 0.6025388 0.5641867 0.5722881 0.6188852 0.6117797 0.6499053 0.7174473 0.6239538 0.6261129 0.6626902 0.6253237 0.6217566 0.6309415 0.6378060 0.5680755 0.6495970 0.6330169 0.6768871 0.6680941 0.6781561 0.6212737 0.6081415 0.7901189 0.7979422 0.8239568 0.9480568 0.9369414 1.0276397 0.9128474 0.9307173 0.9638394 1.4275532 1.0942144 1.1110089 1.1997468 1.2602488 1.2683298 1.8563969 1.8631563 2.0487116 
XP_014505078.1|Vigna_radiata_var_radiata            0.5136329 0.5053806 0.5166068 0.4989326 0.5106770 0.5363346 0.5194190 0.5194190 0.5018887 0.4854650 0.5374587 0.1487837 0.1450156 0.0141639 0.0000000 0.0562865 0.2482251 0.3847874 0.5066779 0.4335575 0.4116272 0.4251217 0.4249457 0.4280689 0.4100432 0.4674601 0.5755523 0.5839562 0.4644050 0.4635148 0.4922043 0.4967550 0.4913238 0.4944604 0.4655721 0.4731222 0.4531662 0.4605073 0.4545312 0.4567220 0.4567220 0.4631468 0.4449663 0.4584473 0.4632004 0.4796729 0.5103272 0.4482404 0.4481257 0.4692281 0.4502418 0.4354439 0.4808388 0.5483253 0.5109059 0.5649615 0.5826469 0.5863131 0.5847156 0.5627337 0.5829851 0.5482760 0.5562532 0.6083854 0.6013124 0.6586337 0.7302960 0.6368229 0.6340092 0.6497041 0.6252289 0.6216729 0.6308303 0.6360843 0.5681313 0.6444273 0.6313263 0.6742384 0.6576681 0.6754696 0.6188892 0.6187934 0.7815112 0.7827988 0.8141658 0.9399585 0.9246349 1.0193299 0.9008963 0.9186121 0.9546024 1.4460005 1.1074081 1.1240657 1.1989449 1.2753810 1.2834514 1.8823073 1.8900785 2.0808482 
XP_027940256.1|Vigna_unguiculata                    0.5220797 0.5214514 0.5364535 0.5072686 0.5153390 0.5491131 0.5256323 0.5256323 0.5276417 0.5041725 0.5400165 0.1567650 0.1566188 0.0638904 0.0562865 0.0000000 0.2304355 0.3709195 0.4831137 0.4089483 0.3814884 0.3938553 0.3957250 0.4086369 0.3940665 0.4459494 0.5738676 0.5593113 0.4696257 0.4618154 0.4800892 0.4846143 0.4792189 0.4823017 0.4590817 0.4819317 0.4508884 0.4597071 0.4498052 0.4512223 0.4512223 0.4576723 0.4379502 0.4514308 0.4561902 0.4866246 0.5052048 0.4407016 0.4405850 0.4608212 0.4397671 0.4412545 0.4669585 0.5224868 0.5100168 0.5581538 0.5634333 0.5670357 0.5686775 0.5474567 0.5769738 0.5361746 0.5371229 0.5923707 0.5945882 0.6410788 0.7052933 0.6111931 0.6036229 0.6495015 0.6048080 0.6014318 0.6104026 0.6057899 0.5335722 0.6029372 0.5945038 0.6475376 0.6223896 0.6534979 0.6006136 0.5945065 0.7763621 0.7535892 0.7882647 0.9185001 0.9042537 0.9907598 0.8835284 0.9090514 0.9453577 1.4118477 1.1122901 1.1288258 1.2190158 1.2594744 1.2518661 1.9008754 1.8862456 2.0473078 
XP_003616926.2|Medicago_truncatula                  0.5441820 0.5585570 0.5682857 0.5379776 0.5594541 0.5658167 0.5593192 0.5593192 0.5438584 0.5220936 0.5818221 0.2404600 0.2366117 0.2426606 0.2482251 0.2304355 0.0000000 0.3744702 0.4968741 0.4638216 0.4041817 0.4164736 0.4074468 0.4275675 0.4240313 0.4569962 0.6695962 0.6339612 0.4780248 0.4717304 0.4993602 0.5039239 0.4950833 0.4966617 0.4957033 0.5094016 0.4997372 0.5029874 0.4773402 0.4786917 0.4786917 0.4852465 0.4808069 0.4705404 0.4753741 0.5162818 0.5304514 0.4606323 0.4621700 0.4590044 0.4877547 0.4796825 0.5199974 0.6214339 0.5639242 0.6240622 0.6252323 0.6289311 0.6048888 0.5827435 0.6124284 0.5606975 0.5718704 0.6359224 0.6317308 0.6668981 0.7159926 0.6358614 0.6601218 0.6225689 0.6485494 0.6335508 0.6487903 0.6705073 0.6100659 0.6431044 0.6247945 0.6852689 0.6751267 0.6808374 0.6091737 0.6090242 0.8358179 0.8425933 0.7955577 0.9146062 0.9142060 1.0185872 0.8818723 0.9057616 0.9951945 1.4029455 1.1129455 1.1409051 1.2810231 1.2049511 1.2314839 1.8814738 1.8426487 2.0242941 
XP_003601388.3|Medicago_truncatula                  0.6365515 0.6217330 0.6305462 0.6284037 0.6278965 0.6683585 0.6515751 0.6515751 0.6450633 0.6406271 0.6769471 0.3696086 0.3878517 0.3922324 0.3847874 0.3709195 0.3744702 0.0000000 0.5802132 0.5835215 0.4861586 0.4940582 0.4777317 0.5296708 0.5132096 0.5497346 0.6902397 0.6525545 0.5938299 0.5776038 0.6158171 0.6208713 0.6109551 0.6109611 0.6073960 0.6075052 0.5561264 0.5712081 0.5941912 0.5688248 0.5688248 0.5757777 0.5619282 0.5617987 0.5562031 0.5824516 0.6143110 0.5354992 0.5338705 0.5227448 0.5871559 0.5883343 0.6114338 0.7181628 0.6032636 0.6572949 0.6982633 0.7022087 0.7123531 0.6801258 0.7458561 0.7097059 0.7095213 0.7022245 0.6951919 0.7620793 0.8283331 0.8062671 0.8110805 0.7828774 0.7967532 0.8112471 0.7946359 0.7968742 0.7189558 0.7963886 0.7975910 0.8386510 0.8185811 0.8564123 0.7550039 0.7598159 0.9166691 0.9297124 0.8872260 1.0363203 1.0305629 1.1036300 0.9802436 1.0127478 1.1513904 1.6633397 1.2443831 1.2782020 1.3412205 1.4128289 1.4681320 1.9902822 2.0207970 2.1360200 
XP_031404507.1|Punica_granatum                      0.5775156 0.5738907 0.5779032 0.5634683 0.5659951 0.5840839 0.5680521 0.5680521 0.5797535 0.5770240 0.5929076 0.5140122 0.4828068 0.5110896 0.5066779 0.4831137 0.4968741 0.5802132 0.0000000 0.3691298 0.4091177 0.4070101 0.4202785 0.4087638 0.4062186 0.4366097 0.5649278 0.5364705 0.4619022 0.4485177 0.4869942 0.4958815 0.4827843 0.4796268 0.4775085 0.4772039 0.4253209 0.4318673 0.4727477 0.4857573 0.4857573 0.4926942 0.4764420 0.4648211 0.4867813 0.4657306 0.4702885 0.4770789 0.4805283 0.4442435 0.4916988 0.4751542 0.5238773 0.5833670 0.5060022 0.5617780 0.6310276 0.6347868 0.6407226 0.5873348 0.6455509 0.6147780 0.5924935 0.6074052 0.6147893 0.5702271 0.6419166 0.6001447 0.6304960 0.6166268 0.7477883 0.7202803 0.7472816 0.7046207 0.6077163 0.6871925 0.6826406 0.7154328 0.7336390 0.6925670 0.7095553 0.7071395 0.8201135 0.8183441 0.7992260 0.9185478 0.8778781 1.0248218 0.9016970 0.9186511 1.0295082 1.4559185 1.2124700 1.2277163 1.2330929 1.2091836 1.2377208 1.6872377 1.8011252 1.9650290 
XP_030514269.1|Rhodamnia_argentea                   0.5493428 0.5560956 0.5668530 0.5482793 0.5460378 0.5472736 0.5380634 0.5380634 0.5415727 0.5660585 0.5189150 0.4130224 0.4082834 0.4481043 0.4335575 0.4089483 0.4638216 0.5835215 0.3691298 0.0000000 0.3755260 0.3825797 0.4012351 0.3873633 0.3795095 0.3927398 0.5183817 0.4854151 0.3947390 0.3846102 0.3743151 0.3825357 0.3705487 0.3711558 0.4664665 0.4432451 0.3918724 0.3984068 0.4294140 0.4182490 0.4182490 0.4250665 0.4347804 0.4191787 0.4353281 0.4568776 0.4795920 0.4176168 0.4234593 0.4133109 0.4452762 0.4602493 0.4936527 0.5569186 0.4712232 0.5217397 0.5389950 0.5425334 0.6362404 0.5886394 0.6461920 0.6082732 0.5878835 0.5422935 0.5720808 0.5847011 0.6652679 0.6295260 0.5832318 0.6103173 0.6315553 0.6068458 0.6225837 0.6048848 0.5611291 0.5782864 0.5889022 0.6049028 0.6010459 0.5561921 0.5997736 0.5929092 0.6590396 0.6811971 0.6943352 0.8267753 0.7942212 0.8816597 0.7951340 0.8095997 0.8971062 1.4308426 1.1769597 1.2004444 1.2500357 1.2849634 1.3289226 1.8798039 1.8560349 2.1417355 
XP_042988561.1|Carya_illinoinensis                  0.4794209 0.4803038 0.4911068 0.4735557 0.4838950 0.4693439 0.4662850 0.4662850 0.4526162 0.4912458 0.5216142 0.4029614 0.3797908 0.4215330 0.4116272 0.3814884 0.4041817 0.4861586 0.4091177 0.3755260 0.0000000 0.0705936 0.0654947 0.2212037 0.2078452 0.2274157 0.4462176 0.4380166 0.3660261 0.3556147 0.3705898 0.3822019 0.3668614 0.3589220 0.3320278 0.3586859 0.3053945 0.3229964 0.3602403 0.3134131 0.3134131 0.3197839 0.3196200 0.3104220 0.3134802 0.4012233 0.3837564 0.3706625 0.3672157 0.3643146 0.3694778 0.3678776 0.4418147 0.5036891 0.4300181 0.4721144 0.5107788 0.5142976 0.5603371 0.5292483 0.5579100 0.5247406 0.5173230 0.5147137 0.5227564 0.5647123 0.6075977 0.5776717 0.5782667 0.6243268 0.5940722 0.5717703 0.5875636 0.6223118 0.5844199 0.5877302 0.5830552 0.6222639 0.6166048 0.6363455 0.6115838 0.6125608 0.7560063 0.7608172 0.7723031 0.8930592 0.8421153 0.9603285 0.8301534 0.8698663 0.9656606 1.2855659 1.0595951 1.0784412 1.1382531 1.1317887 1.1840406 1.8620253 1.8756048 1.8395632 
XP_041017675.1|Juglans_microcarpa_x_Juglans_regia   0.4781422 0.4787972 0.4926400 0.4719614 0.4801619 0.4732791 0.4685893 0.4685893 0.4645814 0.4839319 0.4940865 0.3929605 0.3967399 0.4353291 0.4251217 0.3938553 0.4164736 0.4940582 0.4070101 0.3825797 0.0705936 0.0000000 0.0494668 0.2404036 0.2237793 0.2498179 0.4761485 0.4483628 0.3475039 0.3489595 0.3719580 0.3836232 0.3682123 0.3623608 0.3552907 0.3706990 0.3000483 0.3195651 0.3713535 0.3124339 0.3124339 0.3188898 0.3286602 0.3054863 0.3169085 0.3933773 0.3875305 0.3672310 0.3671233 0.3765448 0.3742062 0.3601136 0.4507420 0.4868415 0.4305817 0.4797151 0.5338556 0.5374205 0.5471943 0.5165350 0.5425329 0.5125807 0.5098303 0.5347808 0.5243900 0.5676716 0.6209565 0.5631532 0.5903159 0.6151114 0.5957222 0.5860190 0.5932648 0.5906690 0.5642800 0.5816041 0.5751418 0.6448008 0.6278975 0.6369704 0.6041381 0.6037859 0.7424312 0.7498848 0.7678042 0.8722456 0.8372796 0.9373016 0.8124990 0.8545608 0.9694896 1.3034027 1.0710376 1.0888589 1.1556128 1.1110302 1.1855592 1.7804019 1.7601925 1.8617377 
XP_018843092.1|Juglans_regia                        0.4898136 0.4930117 0.5085416 0.4860845 0.4983293 0.4787828 0.4790920 0.4790920 0.4685775 0.4990267 0.4918698 0.3955515 0.3874153 0.4350293 0.4249457 0.3957250 0.4074468 0.4777317 0.4202785 0.4012351 0.0654947 0.0494668 0.0000000 0.2360249 0.2220538 0.2495285 0.4789674 0.4556623 0.3582348 0.3600285 0.3838807 0.3880345 0.3800556 0.3719192 0.3568535 0.3846735 0.3235991 0.3380817 0.3805951 0.3255550 0.3255550 0.3320776 0.3338586 0.3147591 0.3238210 0.4138103 0.3984189 0.3853119 0.3818000 0.3801848 0.3573496 0.3540105 0.4342319 0.4956600 0.4343965 0.4789681 0.5330683 0.5366386 0.5585219 0.5273008 0.5593648 0.5185564 0.5264768 0.5302723 0.5176333 0.5755284 0.6202263 0.5640151 0.5870102 0.6374499 0.6237001 0.6109181 0.6184087 0.6221459 0.5807956 0.6061743 0.5995878 0.6711665 0.6559578 0.6598987 0.6301851 0.6298564 0.7749432 0.7802026 0.7860466 0.9087664 0.8661088 0.9651568 0.8397453 0.8823337 0.9715896 1.3263672 1.0855172 1.1043842 1.1690891 1.1428937 1.2099644 1.8683126 1.8083441 1.9057966 
XP_030951100.1|Quercus_lobata                       0.4995567 0.4886593 0.5048123 0.4844781 0.4841529 0.4903007 0.4863610 0.4863610 0.4695651 0.4838408 0.5138840 0.4149434 0.4109873 0.4394626 0.4280689 0.4086369 0.4275675 0.5296708 0.4087638 0.3873633 0.2212037 0.2404036 0.2360249 0.0000000 0.0217278 0.3096103 0.4858370 0.4812569 0.3289545 0.3540410 0.3729249 0.3819225 0.3691388 0.3610788 0.3232897 0.3728357 0.3075293 0.3027963 0.3534749 0.3070768 0.3070768 0.3168972 0.2969907 0.2942267 0.3041442 0.4013489 0.3821838 0.3528230 0.3443625 0.3643317 0.3793146 0.3572116 0.4271202 0.4978960 0.3975658 0.4417222 0.5466529 0.5502149 0.5608644 0.5446058 0.5970721 0.5449946 0.5295243 0.5522904 0.5417574 0.5801024 0.6187279 0.5761277 0.6029369 0.6565468 0.6507724 0.6371723 0.6489024 0.6706924 0.5907885 0.6417739 0.6395961 0.6619779 0.6624198 0.6876822 0.6517711 0.6187572 0.8375232 0.8290882 0.7890254 0.9242048 0.8890107 0.9755360 0.8781881 0.8805367 0.9672106 1.3353803 1.1104457 1.1368700 1.1583178 1.1488820 1.1650146 1.8602629 1.7313771 1.9483386 
XP_023912979.1|Quercus_suber                        0.4857655 0.4749629 0.4909833 0.4725143 0.4721832 0.4709492 0.4672344 0.4672344 0.4505937 0.4646075 0.4913058 0.4050207 0.4036513 0.4213373 0.4100432 0.3940665 0.4240313 0.5132096 0.4062186 0.3795095 0.2078452 0.2237793 0.2220538 0.0217278 0.0000000 0.2948426 0.4782275 0.4689909 0.3099003 0.3332251 0.3521431 0.3608474 0.3484418 0.3405517 0.3084456 0.3636461 0.2866323 0.2824797 0.3364595 0.2964574 0.2964574 0.3062136 0.2931681 0.2903920 0.3002632 0.3835121 0.3799876 0.3327924 0.3244408 0.3545868 0.3792863 0.3479070 0.4132538 0.4783686 0.3875685 0.4411689 0.5424164 0.5459587 0.5583568 0.5439389 0.5893790 0.5507114 0.5351120 0.5580826 0.5500670 0.5843121 0.6245842 0.5759763 0.6076101 0.6446040 0.6411647 0.6277820 0.6393759 0.6617224 0.5783594 0.6331259 0.6309590 0.6530448 0.6535128 0.6750372 0.6467026 0.6139549 0.8294749 0.8196642 0.7853092 0.9152383 0.8804003 0.9661019 0.8700780 0.8880491 0.9683151 1.3478161 1.1022734 1.1286918 1.1506533 1.1471130 1.1608324 1.8443597 1.7516853 1.9364162 
XP_042991128.1|Carya_illinoinensis                  0.5732916 0.5714911 0.5795434 0.5687038 0.5637041 0.5632100 0.5587566 0.5587566 0.5698671 0.5604376 0.5431699 0.4373438 0.4308020 0.4813532 0.4674601 0.4459494 0.4569962 0.5497346 0.4366097 0.3927398 0.2274157 0.2498179 0.2495285 0.3096103 0.2948426 0.0000000 0.4871703 0.4680109 0.3820407 0.3803547 0.3876224 0.3917138 0.3877090 0.3796709 0.4119271 0.4173517 0.3591703 0.3645375 0.4262090 0.3649076 0.3649076 0.3670239 0.3738757 0.3582122 0.3647117 0.4432988 0.4742870 0.4029134 0.4033634 0.4056841 0.4420308 0.4439137 0.5006056 0.5483431 0.4252167 0.4490588 0.5942645 0.5979588 0.6260132 0.5804735 0.6465002 0.6071631 0.5947214 0.5961560 0.5903927 0.6564640 0.6873205 0.6630683 0.6658112 0.6990915 0.7194860 0.6932893 0.7146858 0.6880157 0.6707476 0.6667340 0.6562139 0.7081164 0.7007461 0.6921622 0.7025880 0.6831483 0.8170561 0.8425319 0.8721569 0.9897863 0.9466648 1.0437012 0.9046890 0.9253320 1.0559508 1.3457955 1.1865067 1.2189506 1.2136078 1.2214167 1.2865611 1.8964891 1.7936364 1.9342606 
XP_022718677.1|Durio_zibethinus                     0.6402298 0.6737700 0.6739329 0.6800575 0.6500644 0.6913703 0.6864088 0.6864088 0.6790031 0.6657266 0.6831844 0.5786430 0.5571191 0.5970647 0.5755523 0.5738676 0.6695962 0.6902397 0.5649278 0.5183817 0.4462176 0.4761485 0.4789674 0.4858370 0.4782275 0.4871703 0.0000000 0.1575343 0.3339103 0.3295374 0.3328441 0.3393031 0.3321705 0.3334398 0.5184979 0.4760513 0.4572823 0.4763516 0.5192484 0.4651279 0.4651279 0.4607021 0.4622270 0.4525239 0.4645436 0.4673472 0.5512378 0.5544354 0.5564334 0.5115230 0.5440567 0.5344538 0.5374325 0.5976792 0.5564667 0.5520034 0.6890174 0.6930597 0.7297870 0.6948373 0.7455414 0.7046361 0.6969496 0.6491923 0.6481602 0.6715632 0.7610690 0.7482719 0.7021768 0.7140681 0.7946453 0.7608263 0.7857560 0.8119383 0.7336915 0.7888629 0.7972519 0.8157902 0.8283460 0.8735034 0.8275565 0.8325548 0.9326849 0.9498944 0.9580482 1.0168297 1.0077547 1.0545535 0.9909800 1.0132989 1.1231670 1.5392957 1.2260459 1.2605166 1.2988144 1.3561655 1.3481921 1.8742235 1.7901572 2.0481136 
XP_007029832.2|Theobroma_cacao                      0.5997979 0.6258361 0.6303322 0.6345634 0.6094943 0.6390872 0.6459974 0.6459974 0.6509838 0.6208929 0.6452392 0.5713214 0.5545099 0.6015476 0.5839562 0.5593113 0.6339612 0.6525545 0.5364705 0.4854151 0.4380166 0.4483628 0.4556623 0.4812569 0.4689909 0.4680109 0.1575343 0.0000000 0.3179413 0.3186122 0.3407435 0.3508241 0.3371276 0.3384217 0.4947672 0.4945363 0.4457923 0.4649990 0.5054453 0.4592222 0.4592222 0.4640369 0.4613420 0.4448070 0.4567699 0.4656912 0.5389617 0.4930371 0.5009653 0.5023186 0.5326687 0.5271046 0.5565575 0.5705371 0.5292567 0.5369779 0.6935028 0.6975568 0.7410006 0.6837933 0.7425596 0.6937453 0.6883206 0.6482100 0.6544878 0.6588639 0.7484144 0.7543232 0.7042037 0.7046335 0.7720505 0.7390266 0.7624133 0.7696879 0.6950522 0.7496872 0.7585961 0.8053103 0.8036415 0.8416832 0.8060344 0.8154364 0.8508167 0.8903361 0.9115589 1.0160850 0.9798343 1.0875421 0.9817640 1.0011223 1.1181040 1.4419851 1.2125233 1.2465263 1.2282421 1.2350010 1.2871127 1.8480707 1.7948255 1.9772694 
XP_022718676.1|Durio_zibethinus                     0.4802446 0.4960418 0.5036158 0.4970505 0.4854094 0.5108008 0.4968017 0.4968017 0.4841909 0.5146152 0.4853958 0.4471629 0.4451241 0.4808744 0.4644050 0.4696257 0.4780248 0.5938299 0.4619022 0.3947390 0.3660261 0.3475039 0.3582348 0.3289545 0.3099003 0.3820407 0.3339103 0.3179413 0.0000000 0.1157769 0.1113438 0.1161779 0.1086306 0.1091278 0.3686777 0.3697778 0.3564873 0.3621550 0.3953208 0.3624583 0.3624583 0.3613982 0.3554608 0.3549970 0.3597200 0.3259228 0.4355606 0.3743523 0.3765225 0.4030156 0.4700874 0.4295524 0.4933556 0.5315044 0.4421317 0.4526768 0.6087438 0.6049383 0.6085237 0.5830062 0.6181952 0.5900384 0.6052624 0.5738701 0.5895224 0.5264985 0.6251136 0.6071323 0.6005554 0.6251398 0.6707933 0.6380589 0.6576615 0.6801082 0.6102652 0.6559768 0.6688874 0.6640072 0.6763250 0.7184674 0.6667156 0.6757349 0.8253870 0.8360300 0.8104625 0.9125516 0.8747866 0.9591944 0.8791912 0.8809717 0.9832422 1.3838890 1.0869707 1.1122797 1.1944551 1.1421215 1.1868424 1.7425213 1.6212378 1.9126490 
XP_017977387.1|Theobroma_cacao                      0.4590904 0.4809868 0.4833861 0.4855662 0.4647328 0.5008491 0.4942184 0.4942184 0.4954003 0.5046724 0.4719843 0.4425510 0.4377931 0.4799655 0.4635148 0.4618154 0.4717304 0.5776038 0.4485177 0.3846102 0.3556147 0.3489595 0.3600285 0.3540410 0.3332251 0.3803547 0.3295374 0.3186122 0.1157769 0.0000000 0.1502671 0.1552139 0.1538958 0.1536326 0.3522267 0.3592090 0.3579271 0.3617626 0.3872804 0.3233146 0.3233146 0.3188396 0.3347662 0.3218309 0.3276367 0.2858386 0.4121645 0.3937380 0.3981541 0.4197373 0.4253380 0.3967547 0.4564434 0.4911560 0.4236765 0.4306333 0.5956818 0.5918844 0.6058144 0.5988083 0.6058482 0.5760445 0.5949245 0.5455326 0.5614934 0.5366293 0.6188793 0.6279898 0.6314173 0.6300597 0.6408558 0.6181978 0.6352199 0.6756392 0.6154717 0.6313984 0.6334253 0.6256244 0.6464628 0.6944104 0.6512834 0.6508032 0.8076544 0.8255507 0.8075767 0.9091513 0.8712720 0.9628589 0.8577150 0.8693869 0.9831112 1.3179068 1.1109655 1.1305396 1.1619908 1.1566425 1.1628714 1.7838067 1.6972557 1.8226522 
XP_017631612.1|Gossypium_arboreum                   0.4819517 0.5094248 0.5152783 0.5021851 0.5020064 0.5168865 0.5142709 0.5142709 0.4929225 0.5284231 0.5137817 0.4692910 0.4623073 0.5015507 0.4922043 0.4800892 0.4993602 0.6158171 0.4869942 0.3743151 0.3705898 0.3719580 0.3838807 0.3729249 0.3521431 0.3876224 0.3328441 0.3407435 0.1113438 0.1502671 0.0000000 0.0069945 0.0070092 0.0093629 0.3839058 0.3778644 0.3677969 0.3723152 0.4010418 0.3524168 0.3524168 0.3513941 0.3593641 0.3464108 0.3525410 0.3347221 0.4504228 0.3805720 0.3864845 0.4048670 0.4339870 0.4282567 0.4743945 0.5442628 0.4721450 0.4810135 0.6099820 0.6061798 0.6190148 0.5880948 0.6103637 0.5836876 0.6028493 0.5632634 0.5823603 0.5185564 0.6136378 0.6091701 0.5942082 0.6555173 0.6645817 0.6346693 0.6560591 0.6759627 0.6246599 0.6515589 0.6609490 0.6527822 0.6808024 0.7099798 0.6658559 0.6610226 0.8052342 0.8236038 0.8120087 0.9144570 0.8791168 0.9670796 0.8741347 0.8778809 0.9701096 1.3146851 1.0967109 1.1217394 1.1830359 1.1622362 1.2124280 1.7581557 1.6133538 1.8831609 
XP_016727798.1|Gossypium_hirsutum                   0.4864662 0.5140429 0.5199072 0.5067953 0.5065849 0.5303040 0.5277461 0.5277461 0.5061194 0.5420343 0.5144867 0.4737916 0.4667425 0.5061373 0.4967550 0.4846143 0.5039239 0.6208713 0.4958815 0.3825357 0.3822019 0.3836232 0.3880345 0.3819225 0.3608474 0.3917138 0.3393031 0.3508241 0.1161779 0.1552139 0.0069945 0.0000000 0.0140934 0.0164729 0.3958029 0.3819520 0.3794692 0.3840732 0.4131831 0.3625584 0.3625584 0.3580232 0.3660757 0.3564466 0.3626782 0.3458663 0.4628558 0.3886961 0.3946952 0.4132172 0.4427111 0.4368921 0.4833489 0.5556549 0.4851946 0.4927147 0.6205477 0.6167204 0.6338641 0.6023766 0.6250965 0.5979233 0.6173055 0.5667517 0.5859317 0.5321345 0.6254329 0.6195744 0.6044104 0.6646348 0.6698228 0.6397837 0.6612428 0.6812575 0.6301540 0.6567491 0.6661638 0.6579447 0.6825866 0.7154562 0.6711244 0.6662667 0.8110711 0.8295240 0.8175417 0.9218100 0.8862236 0.9746999 0.8812214 0.8849721 0.9753134 1.3268730 1.1117815 1.1368551 1.1875242 1.1837453 1.2320208 1.7865376 1.6302011 1.9051259 
XP_016697670.1|Gossypium_hirsutum                   0.4737690 0.4960932 0.5034265 0.4888918 0.4936947 0.5084594 0.5058084 0.5058084 0.4846341 0.5198765 0.5055433 0.4687368 0.4614624 0.5006591 0.4913238 0.4792189 0.4950833 0.6109551 0.4827843 0.3705487 0.3668614 0.3682123 0.3800556 0.3691388 0.3484418 0.3877090 0.3321705 0.3371276 0.1086306 0.1538958 0.0070092 0.0140934 0.0000000 0.0070143 0.3879952 0.3704821 0.3663570 0.3708802 0.4070674 0.3487859 0.3487859 0.3477759 0.3557143 0.3428136 0.3489117 0.3340448 0.4416441 0.3768177 0.3826917 0.4010141 0.4299680 0.4242774 0.4788336 0.5428998 0.4715864 0.4804429 0.6149846 0.6111628 0.6298242 0.5932821 0.6157165 0.5888574 0.6081012 0.5719009 0.5911406 0.5319478 0.6242808 0.6130104 0.6018575 0.6637984 0.6740381 0.6438405 0.6653960 0.6822604 0.6347111 0.6608995 0.6703515 0.6621776 0.6885719 0.7178043 0.6753646 0.6684682 0.8160060 0.8345546 0.8187530 0.9223888 0.8906371 0.9794953 0.8890083 0.8893748 0.9800543 1.3298273 1.1092994 1.1343247 1.1944162 1.1773192 1.2282281 1.7864263 1.6278837 1.8774663 
XP_012492359.1|Gossypium_raimondii                  0.4785358 0.5059412 0.5133050 0.4987049 0.4985501 0.5133921 0.5107600 0.5107600 0.4917786 0.5234565 0.5106365 0.4697434 0.4557693 0.5038482 0.4944604 0.4823017 0.4966617 0.6109611 0.4796268 0.3711558 0.3589220 0.3623608 0.3719192 0.3610788 0.3405517 0.3796709 0.3334398 0.3384217 0.1091278 0.1536326 0.0093629 0.0164729 0.0070143 0.0000000 0.3815284 0.3739426 0.3669815 0.3715200 0.4069203 0.3508195 0.3508195 0.3497992 0.3577806 0.3448091 0.3509448 0.3338721 0.4449731 0.3774295 0.3753971 0.3936256 0.4324738 0.4267428 0.4803159 0.5447600 0.4688133 0.4832610 0.6127764 0.6089548 0.6190532 0.5845447 0.6067200 0.5791278 0.5992680 0.5674653 0.5866309 0.5278460 0.6161151 0.6057363 0.5975448 0.6613619 0.6824814 0.6520085 0.6737265 0.6907962 0.6418019 0.6692316 0.6787453 0.6704811 0.7003587 0.7239561 0.6791327 0.6742177 0.8204698 0.8391149 0.8202888 0.9276361 0.8980010 0.9875431 0.8960932 0.8998619 0.9849606 1.3364642 1.1098906 1.1349367 1.1951155 1.1779815 1.2289566 1.7949171 1.6404696 1.8961231 
XP_021671711.1|Hevea_brasiliensis                   0.5133001 0.5394006 0.5415652 0.5398418 0.5311567 0.5255734 0.5116187 0.5116187 0.5161515 0.5424306 0.5927281 0.4694919 0.4552626 0.4711792 0.4655721 0.4590817 0.4957033 0.6073960 0.4775085 0.4664665 0.3320278 0.3552907 0.3568535 0.3232897 0.3084456 0.4119271 0.5184979 0.4947672 0.3686777 0.3522267 0.3839058 0.3958029 0.3879952 0.3815284 0.0000000 0.2521895 0.2927803 0.2842433 0.2480794 0.3424915 0.3424915 0.3455529 0.3553845 0.3396845 0.3426863 0.3896219 0.3843823 0.4106829 0.4032949 0.4171825 0.4436849 0.4298945 0.5104037 0.5233379 0.3773507 0.4867308 0.5658522 0.5695157 0.6098615 0.5614757 0.6067143 0.5772856 0.5688656 0.5645680 0.5744544 0.5664136 0.6425528 0.6407654 0.6323769 0.6733877 0.6858913 0.6691377 0.6842662 0.7022315 0.6434989 0.6684750 0.6753734 0.7099693 0.7022313 0.7226083 0.6769347 0.6699286 0.7958337 0.8410341 0.8028729 0.8965852 0.8648833 0.9543413 0.8662157 0.8803000 0.9960497 1.4032118 1.1064406 1.1205181 1.2176512 1.1752141 1.2289476 1.9867858 1.8427184 1.9719736 
XP_012073533.1|Jatropha_curcas                      0.4801214 0.5074399 0.5159472 0.5157889 0.4950373 0.4936003 0.4897828 0.4897828 0.4895358 0.5186518 0.5559926 0.4712228 0.4737627 0.4859639 0.4731222 0.4819317 0.5094016 0.6075052 0.4772039 0.4432451 0.3586859 0.3706990 0.3846735 0.3728357 0.3636461 0.4173517 0.4760513 0.4945363 0.3697778 0.3592090 0.3778644 0.3819520 0.3704821 0.3739426 0.2521895 0.0000000 0.3281057 0.3225905 0.2443987 0.3790157 0.3790157 0.3820555 0.3872954 0.3763755 0.3793956 0.4138286 0.3938890 0.3824753 0.3872454 0.4036506 0.4421983 0.4116613 0.5032609 0.5168330 0.4322868 0.4966100 0.5849729 0.5886457 0.6063476 0.5759165 0.6155600 0.5809754 0.5984864 0.5153352 0.5157338 0.5946417 0.6864731 0.6393600 0.6397940 0.7028519 0.6391768 0.6169172 0.6340618 0.6813096 0.6036579 0.6338418 0.6368255 0.6370113 0.6651649 0.6822349 0.6083289 0.6244068 0.7955200 0.8168162 0.7948892 0.9331939 0.8940178 0.9927462 0.8789933 0.8956511 1.0155133 1.4311503 1.1197042 1.1307631 1.1361898 1.1761347 1.2104123 1.9610865 1.8637716 1.9718041 
XP_011041114.1|Populus_euphratica                   0.5057214 0.5030375 0.5199194 0.5103615 0.5008643 0.5237642 0.5050360 0.5050360 0.4860980 0.5197962 0.5147911 0.4413391 0.4541449 0.4685971 0.4531662 0.4508884 0.4997372 0.5561264 0.4253209 0.3918724 0.3053945 0.3000483 0.3235991 0.3075293 0.2866323 0.3591703 0.4572823 0.4457923 0.3564873 0.3579271 0.3677969 0.3794692 0.3663570 0.3669815 0.2927803 0.3281057 0.0000000 0.0291641 0.2867749 0.3216415 0.3216415 0.3280976 0.3235666 0.3187239 0.3304880 0.3713495 0.3724481 0.3349245 0.3331146 0.3510934 0.4074376 0.3922090 0.4654788 0.5159957 0.3738110 0.4504647 0.5749090 0.5786384 0.5505158 0.5360344 0.5857042 0.5692503 0.5635203 0.5318942 0.5339308 0.6150165 0.6786545 0.6185265 0.6314161 0.6300023 0.6290288 0.6115022 0.6305672 0.6526569 0.6103778 0.6448032 0.6448264 0.6726758 0.6721975 0.6559942 0.6538969 0.6571570 0.8028559 0.8184873 0.8037523 0.9011153 0.8837670 0.9941328 0.9148659 0.9087624 0.9696533 1.3268082 1.0450605 1.0701471 1.2042919 1.1379201 1.1941212 1.9209019 1.8481713 1.9882905 
