101
NP_180916.1|Arabidopsis_thaliana|LYK5               0.0000000 0.0595975 0.0646737 0.0568599 0.0492558 0.1344795 0.1498471 0.1498471 0.1550476 0.1593657 0.3254189 0.5141958 0.5239717 0.5171758 0.5170367 0.5177147 0.5215523 0.6176537 0.5464180 0.5271473 0.4749835 0.4603196 0.4741821 0.4926681 0.4786785 0.5646929 0.6104563 0.5590642 0.4515877 0.4333115 0.4559989 0.4604900 0.4478737 0.4525862 0.4855590 0.4573387 0.4573387 0.4655437 0.4728271 0.4546524 0.4618787 0.5073886 0.4733429 0.5005194 0.4930390 0.4711398 0.5501471 0.5205017 0.5266248 0.5411237 0.5683470 0.6134096 0.4852059 0.4866910 0.5341077 0.6463499 0.7294323 0.7324849 0.6508310 0.6045097 0.6239734 0.5928940 0.6200016 0.6154403 0.6298196 0.6757293 0.7863855 0.6999589 0.6983623 0.7002592 0.7680162 0.7658914 0.7757221 0.7711211 0.7055892 0.7762642 0.7701808 0.7543988 0.7845959 0.8535210 0.7798590 0.7741371 0.8745413 0.9194722 0.9317911 0.9934196 0.9575971 1.0403277 0.9214894 0.9358492 0.9946677 1.2476841 1.0832383 1.1022825 1.1147408 1.0956949 1.1490912 1.6878995 1.6877148 1.5698245 1.7344633 
XP_010413840.1|Camelina_sativa                      0.0595975 0.0000000 0.0193254 0.0194327 0.0541518 0.1495122 0.1511455 0.1511455 0.1565230 0.1479533 0.3328346 0.5109393 0.5018864 0.5096389 0.5017417 0.5101110 0.5288626 0.6004190 0.5428962 0.5237371 0.4694501 0.4544429 0.4708313 0.4823852 0.4684547 0.5556291 0.6348531 0.5815145 0.4602316 0.4457848 0.4767672 0.4813330 0.4636812 0.4733081 0.4912332 0.4589182 0.4589182 0.4672246 0.4731769 0.4553346 0.4626364 0.5237102 0.4942604 0.4908721 0.4869277 0.4898316 0.5402585 0.5093604 0.5206397 0.5332523 0.5649163 0.6075046 0.4976617 0.4922275 0.5641854 0.6511655 0.7348390 0.7389160 0.6624385 0.6154151 0.6351163 0.5989824 0.6314696 0.6330010 0.6439571 0.7071154 0.7849769 0.7011095 0.7066095 0.7245203 0.7564292 0.7466378 0.7564715 0.7673079 0.6980325 0.7708514 0.7685707 0.7408345 0.7720520 0.8285323 0.7661020 0.7535198 0.8532686 0.8964768 0.9101058 0.9851536 0.9451607 1.0228003 0.9053515 0.9283162 0.9994146 1.2706583 1.1013621 1.1298072 1.1394935 1.1409377 1.1783005 1.7431802 1.7310050 1.6298696 1.7961460 
XP_010469453.1|Camelina_sativa                      0.0646737 0.0193254 0.0000000 0.0292381 0.0591745 0.1496986 0.1513323 0.1513323 0.1626501 0.1581560 0.3429985 0.5135401 0.5118330 0.5194929 0.5132137 0.5253536 0.5387036 0.6091900 0.5471012 0.5345455 0.4805320 0.4683968 0.4865497 0.4988972 0.4848272 0.5638759 0.6352666 0.5862080 0.4681464 0.4483580 0.4826343 0.4872107 0.4711216 0.4807766 0.4937596 0.4623292 0.4623292 0.4706125 0.4765567 0.4587583 0.4660335 0.5260799 0.5029306 0.5081426 0.5035940 0.4947270 0.5543373 0.5213033 0.5327091 0.5388012 0.5749585 0.6238845 0.4981116 0.4926746 0.5571744 0.6491789 0.7341239 0.7381945 0.6647689 0.6168127 0.6357197 0.6012048 0.6337225 0.6351025 0.6472538 0.7174097 0.7801615 0.7100326 0.7127650 0.7186285 0.7783739 0.7650244 0.7749159 0.7860704 0.7200236 0.7895708 0.7872409 0.7517507 0.7832117 0.8482201 0.7846247 0.7718481 0.8711188 0.9145186 0.9280776 0.9992249 0.9587956 1.0404488 0.9234851 0.9453186 1.0191709 1.2764127 1.1095444 1.1380266 1.1391942 1.1554013 1.1931576 1.7300732 1.7298576 1.6286487 1.8082577 
XP_010509863.1|Camelina_sativa                      0.0568599 0.0194327 0.0292381 0.0000000 0.0565153 0.1515644 0.1531838 0.1531838 0.1585792 0.1588881 0.3248519 0.5083869 0.4993604 0.4993490 0.4991979 0.4997297 0.5122485 0.6062132 0.5318814 0.5200991 0.4665542 0.4516144 0.4679055 0.4820839 0.4698771 0.5570227 0.6429152 0.5893767 0.4653947 0.4543636 0.4734183 0.4779856 0.4603341 0.4699564 0.4967876 0.4594137 0.4594137 0.4677023 0.4736433 0.4558383 0.4631234 0.5284854 0.5067653 0.5024341 0.4984203 0.5027274 0.5416907 0.5169230 0.5282714 0.5368576 0.5737797 0.6227617 0.4967482 0.4957636 0.5560195 0.6543856 0.7289444 0.7330067 0.6600749 0.6131490 0.6328212 0.5967576 0.6291983 0.6311059 0.6420466 0.6919197 0.7711158 0.6918042 0.6972293 0.7036765 0.7562466 0.7391624 0.7464324 0.7556454 0.6862300 0.7631034 0.7570282 0.7384032 0.7696212 0.8222040 0.7636867 0.7511116 0.8493532 0.8894736 0.9156709 0.9911253 0.9552486 1.0319297 0.9185673 0.9349834 0.9988937 1.2358220 1.1036595 1.1321338 1.1274909 1.1405567 1.1826562 1.7108927 1.7145113 1.5911576 1.7922265 
XP_006295585.1|Capsella_rubella                     0.0492558 0.0541518 0.0591745 0.0565153 0.0000000 0.1309758 0.1438624 0.1438624 0.1435436 0.1520497 0.3245656 0.5085868 0.5128033 0.5100788 0.5099351 0.5067601 0.5325991 0.6098685 0.5354353 0.5195157 0.4757314 0.4587544 0.4790659 0.4732067 0.4610962 0.5508973 0.6183564 0.5692782 0.4527739 0.4350252 0.4720103 0.4765557 0.4637796 0.4685644 0.4851638 0.4582203 0.4582203 0.4664574 0.4723581 0.4541780 0.4698268 0.5214448 0.4844008 0.4914860 0.4833390 0.4889933 0.5389722 0.4977491 0.5088089 0.5253616 0.5621278 0.5971937 0.4823514 0.4864991 0.5344881 0.6527899 0.7224865 0.7265251 0.6448576 0.6078219 0.6180601 0.5919726 0.6170600 0.6111626 0.6255875 0.7022923 0.7801107 0.7226313 0.7119223 0.7097763 0.7495987 0.7474514 0.7572932 0.7559374 0.6934336 0.7597792 0.7537169 0.7333939 0.7707216 0.8313776 0.7693039 0.7635990 0.8447066 0.8856211 0.9080032 0.9650454 0.9299561 1.0125863 0.9041812 0.9177024 0.9923280 1.2193622 1.0896624 1.1191477 1.1212334 1.1039945 1.1598359 1.6758538 1.6951633 1.5713334 1.7538033 
XP_013671298.1|Brassica_napus                       0.1344795 0.1495122 0.1496986 0.1515644 0.1309758 0.0000000 0.0371211 0.0371211 0.0501201 0.1366188 0.3110397 0.5480668 0.5442213 0.5426735 0.5360242 0.5409760 0.5391490 0.6481188 0.5514763 0.5167028 0.4608359 0.4517572 0.4593116 0.4778176 0.4584385 0.5501731 0.6548543 0.5959466 0.4777881 0.4669048 0.4864755 0.4997515 0.4781333 0.4829927 0.4910119 0.4729323 0.4729323 0.4774387 0.4886169 0.4689135 0.4777602 0.5114262 0.4827262 0.5145530 0.5170784 0.4732276 0.5563081 0.5270681 0.5332163 0.5505816 0.5529164 0.6214288 0.4814625 0.4845154 0.5542149 0.6523335 0.6995555 0.7035265 0.6362176 0.5860049 0.6074607 0.5900565 0.6171915 0.5980181 0.6150138 0.6943576 0.7395854 0.6859522 0.7020340 0.7086522 0.7361807 0.7321567 0.7505147 0.7321315 0.6927974 0.7324311 0.7380401 0.7373763 0.7541677 0.7772114 0.7265894 0.7216939 0.8167951 0.8462893 0.8809811 0.9361667 0.8966759 0.9950284 0.8680788 0.8967370 0.9937041 1.3060794 1.1304594 1.1488704 1.1323307 1.1876069 1.2205005 1.7448373 1.7152588 1.5311944 1.8008942 
XP_013662422.1|Brassica_napus                       0.1498471 0.1511455 0.1513323 0.1531838 0.1438624 0.0371211 0.0000000 0.0000010 0.0631919 0.1319457 0.3137932 0.5268266 0.5301077 0.5296536 0.5230996 0.5214455 0.5371000 0.6332176 0.5371235 0.5154895 0.4618123 0.4511294 0.4638311 0.4793134 0.4600362 0.5500930 0.6561512 0.6042545 0.4676843 0.4676593 0.4878756 0.5012446 0.4794761 0.4843697 0.4704724 0.4832558 0.4832558 0.4878047 0.4878086 0.4783387 0.4872079 0.5056119 0.4831639 0.4999420 0.5047766 0.4718171 0.5577154 0.5198008 0.5258466 0.5492203 0.5297058 0.6054128 0.4791523 0.4727697 0.5520006 0.6352855 0.6994844 0.7034350 0.6346324 0.5847125 0.6240561 0.6044877 0.6224217 0.6088397 0.6231481 0.6936183 0.7333594 0.6891813 0.6977394 0.7108300 0.7145425 0.7144934 0.7297223 0.7168960 0.6941574 0.7191909 0.7228590 0.7365082 0.7516199 0.7846445 0.7258089 0.7209091 0.8068357 0.8361279 0.8678544 0.9310614 0.8917927 0.9915533 0.8665924 0.8957434 1.0068653 1.3589412 1.1344711 1.1421443 1.1111868 1.1900417 1.2231493 1.7904102 1.7286444 1.5472762 1.8152484 
XP_009141328.1|Brassica_rapa                        0.1498471 0.1511455 0.1513323 0.1531838 0.1438624 0.0371211 0.0000010 0.0000000 0.0631919 0.1319457 0.3137932 0.5268266 0.5301077 0.5296536 0.5230996 0.5214455 0.5371000 0.6332176 0.5371235 0.5154895 0.4618123 0.4511294 0.4638311 0.4793134 0.4600362 0.5500930 0.6561512 0.6042545 0.4676843 0.4676593 0.4878756 0.5012446 0.4794761 0.4843697 0.4704724 0.4832558 0.4832558 0.4878047 0.4878086 0.4783387 0.4872079 0.5056119 0.4831639 0.4999420 0.5047766 0.4718171 0.5577154 0.5198008 0.5258466 0.5492203 0.5297058 0.6054128 0.4791523 0.4727697 0.5520006 0.6352855 0.6994844 0.7034350 0.6346324 0.5847125 0.6240561 0.6044877 0.6224217 0.6088397 0.6231481 0.6936183 0.7333594 0.6891813 0.6977394 0.7108300 0.7145425 0.7144934 0.7297223 0.7168960 0.6941574 0.7191909 0.7228590 0.7365082 0.7516199 0.7846445 0.7258089 0.7209091 0.8068357 0.8361279 0.8678544 0.9310614 0.8917927 0.9915533 0.8665924 0.8957434 1.0068653 1.3589412 1.1344711 1.1421443 1.1111868 1.1900417 1.2231493 1.7904102 1.7286444 1.5472762 1.8152484 
XP_018484364.1|Raphanus_sativus                     0.1550476 0.1565230 0.1626501 0.1585792 0.1435436 0.0501201 0.0631919 0.0631919 0.0000000 0.1422735 0.3181401 0.5231598 0.5118168 0.5100368 0.5047657 0.5231683 0.5210626 0.6237355 0.5462535 0.5148834 0.4475253 0.4466464 0.4526792 0.4606632 0.4416065 0.5609897 0.6443076 0.6065662 0.4552115 0.4650928 0.4665863 0.4796689 0.4583644 0.4653626 0.4752107 0.4670766 0.4670766 0.4753135 0.4747863 0.4621963 0.4709948 0.5060094 0.4825575 0.4801833 0.4840895 0.4714680 0.5529784 0.5110295 0.5170600 0.5254071 0.5422679 0.6083332 0.4900532 0.4680229 0.5316176 0.6471039 0.6866805 0.6876434 0.6288368 0.5890961 0.6187259 0.5956753 0.6232323 0.5959351 0.6113110 0.6641945 0.7302482 0.6843068 0.7011564 0.6882486 0.7044053 0.7136489 0.7232274 0.7258929 0.6773493 0.7195696 0.7251662 0.7477212 0.7574037 0.7742578 0.7106233 0.7057325 0.7961124 0.8252598 0.8748009 0.9237962 0.8886297 0.9864938 0.8590151 0.8875764 0.9940374 1.2759604 1.1130033 1.1211698 1.1005759 1.1470823 1.2056703 1.7236103 1.6912351 1.5674612 1.8499121 
XP_006410503.2|Eutrema_salsugineum                  0.1593657 0.1479533 0.1581560 0.1588881 0.1520497 0.1366188 0.1319457 0.1319457 0.1422735 0.0000000 0.2980103 0.4905563 0.4799576 0.4942445 0.4862201 0.4975651 0.4936432 0.6183272 0.5466191 0.5344718 0.4812678 0.4605204 0.4777173 0.4778668 0.4584076 0.5451677 0.6278451 0.5774565 0.4792848 0.4695851 0.4958844 0.5093021 0.4874560 0.4910126 0.4854023 0.4907818 0.4907818 0.4992530 0.4963876 0.4871516 0.5031946 0.5272222 0.5060564 0.5083769 0.5089780 0.5071356 0.5436962 0.5360888 0.5422085 0.5553254 0.5501889 0.5817511 0.5209655 0.5133665 0.5523372 0.6330668 0.7156418 0.7196953 0.6733531 0.6337289 0.6506199 0.6215637 0.6468601 0.5871883 0.6013523 0.7021181 0.7484302 0.6926489 0.6959294 0.7093278 0.7398614 0.7302805 0.7362435 0.7603167 0.7029838 0.7356592 0.7289102 0.7286013 0.7403593 0.7924597 0.7413678 0.7364090 0.8420357 0.8837293 0.8746307 0.9261036 0.9161592 0.9946604 0.8572496 0.8844808 0.9645787 1.2416760 1.1454549 1.1525194 1.1424933 1.1578144 1.2183416 1.7164027 1.7176002 1.5607201 1.7855336 
XP_010523260.1|Tarenaya_hassleriana                 0.3254189 0.3328346 0.3429985 0.3248519 0.3245656 0.3110397 0.3137932 0.3137932 0.3181401 0.2980103 0.0000000 0.5209263 0.5326576 0.5201681 0.5212623 0.5192141 0.5523433 0.6470991 0.5654223 0.4896752 0.4979108 0.4800491 0.4798599 0.4923959 0.4700212 0.5298573 0.6409584 0.5992621 0.4563559 0.4386935 0.4875131 0.4881889 0.4793163 0.4843149 0.4847015 0.4925578 0.4925578 0.4938969 0.5005917 0.4983187 0.5033915 0.5659580 0.5309172 0.4941761 0.5083758 0.5060276 0.5907458 0.5197176 0.5258319 0.5418420 0.5523290 0.6189898 0.5071937 0.5053937 0.5411958 0.6564630 0.6908270 0.6948208 0.6512689 0.6464481 0.6812809 0.6324785 0.6418966 0.5625671 0.5736416 0.6980287 0.7603014 0.6770937 0.6822242 0.7048636 0.7329939 0.7298825 0.7427111 0.7335257 0.6672676 0.7282743 0.7391998 0.7613830 0.7740993 0.7921093 0.7789213 0.7474400 0.8641400 0.8800855 0.8911122 0.9286171 0.9222338 0.9845857 0.9111789 0.9094690 0.9987670 1.1916210 1.0991933 1.1147972 1.1034183 1.2099887 1.2374866 1.7415770 1.7610621 1.6556361 1.7612374 
XP_029126859.1|Cajanus_cajan                        0.5141958 0.5109393 0.5135401 0.5083869 0.5085868 0.5480668 0.5268266 0.5268266 0.5231598 0.4905563 0.5209263 0.0000000 0.1125150 0.1479255 0.1391115 0.1414358 0.2325507 0.3443254 0.4918942 0.3897753 0.3967596 0.3845979 0.3891111 0.4036767 0.3937560 0.4275034 0.5431683 0.5255483 0.4352508 0.4271609 0.4604798 0.4650393 0.4599333 0.4609016 0.4494060 0.4224130 0.4224130 0.4305237 0.4165623 0.4205090 0.4360071 0.4574022 0.4718963 0.4423384 0.4457297 0.4248225 0.5179694 0.4230407 0.4229362 0.4158894 0.4742460 0.5246830 0.4353808 0.4145278 0.4520635 0.5226687 0.5744191 0.5782242 0.5862773 0.5724122 0.5826106 0.5692455 0.5692328 0.5972968 0.6040881 0.6629187 0.7169408 0.6171402 0.6348507 0.6495520 0.6513885 0.6522885 0.6563843 0.6474449 0.5694215 0.6446469 0.6379653 0.6611108 0.6727571 0.6908254 0.6428830 0.6291757 0.7653105 0.7784645 0.7876156 0.9291282 0.9179784 0.9939407 0.8539497 0.8823292 0.9511735 1.2816627 1.0721723 1.0901888 1.1354251 1.1370720 1.1613972 1.6515572 1.7550732 1.7279054 1.8763809 
TKY57014.1|Spatholobus_suberectus                   0.5239717 0.5018864 0.5118330 0.4993604 0.5128033 0.5442213 0.5301077 0.5301077 0.5118168 0.4799576 0.5326576 0.1125150 0.0000000 0.1469052 0.1381686 0.1441983 0.2299296 0.3687035 0.4639784 0.3932449 0.3768680 0.3879573 0.3803207 0.4010171 0.3937224 0.4218399 0.5256998 0.5114220 0.4265871 0.4263398 0.4467430 0.4511977 0.4459166 0.4401413 0.4502915 0.4268571 0.4268571 0.4349126 0.4294641 0.4222855 0.4294691 0.4474009 0.4708999 0.4517211 0.4580911 0.4444952 0.4637270 0.4537240 0.4514615 0.4223212 0.4880526 0.5514055 0.4461808 0.4388600 0.4551049 0.5433156 0.5277887 0.5314862 0.5674731 0.5678323 0.5642049 0.5223627 0.5318993 0.5520326 0.5561771 0.6290121 0.6803033 0.6048183 0.6065712 0.5949824 0.5982793 0.5873062 0.5951905 0.6057054 0.5334746 0.5918916 0.5982591 0.5983659 0.6027797 0.6264136 0.5846166 0.5754184 0.7454760 0.7686746 0.7617870 0.9077747 0.8991484 0.9652704 0.8203312 0.8479733 0.9168430 1.2863261 1.1212007 1.1537136 1.1669044 1.1678123 1.2053440 1.6960304 1.7302783 1.7010387 1.8976439 
XP_017430370.1|Vigna_angularis                      0.5171758 0.5096389 0.5194929 0.4993490 0.5100788 0.5426735 0.5296536 0.5296536 0.5100368 0.4942445 0.5201681 0.1479255 0.1469052 0.0000000 0.0170801 0.0634123 0.2314026 0.3737191 0.4778798 0.4163924 0.4164551 0.4179408 0.4197350 0.4246355 0.4064497 0.4720158 0.5573833 0.5527766 0.4526245 0.4468065 0.4757578 0.4803218 0.4748979 0.4779534 0.4529292 0.4441256 0.4441256 0.4521675 0.4338436 0.4473041 0.4544648 0.4578272 0.4801202 0.4633371 0.4681732 0.4605051 0.4981251 0.4499170 0.4498215 0.4648219 0.4758561 0.5398955 0.4417284 0.4162624 0.4455548 0.5350417 0.5692003 0.5729398 0.5932281 0.5749984 0.5943207 0.5595822 0.5677794 0.6052133 0.6070665 0.6328047 0.7135916 0.6045287 0.6141894 0.6302102 0.6111025 0.6077156 0.6176041 0.6132070 0.5551199 0.6253964 0.6087378 0.6425536 0.6402029 0.6629344 0.6119242 0.5881554 0.7483329 0.7605494 0.7800147 0.8929957 0.8877363 0.9547869 0.8438068 0.8606455 0.9083173 1.3020644 1.0640168 1.0843205 1.1502133 1.1575802 1.1891636 1.6903467 1.7512936 1.7128770 1.8713978 
XP_014505078.1|Vigna_radiata_var_radiata            0.5170367 0.5017417 0.5132137 0.4991979 0.5099351 0.5360242 0.5230996 0.5230996 0.5047657 0.4862201 0.5212623 0.1391115 0.1381686 0.0170801 0.0000000 0.0530039 0.2407028 0.3655507 0.4784059 0.4064237 0.4108093 0.4122243 0.4140637 0.4148803 0.3967134 0.4539748 0.5371430 0.5351125 0.4409333 0.4351974 0.4713299 0.4758777 0.4704751 0.4735062 0.4468638 0.4370036 0.4370036 0.4450217 0.4267299 0.4401224 0.4472745 0.4518164 0.4717921 0.4523082 0.4598493 0.4518504 0.4920192 0.4358444 0.4357436 0.4505549 0.4731215 0.5340629 0.4440286 0.4163516 0.4646940 0.5282757 0.5565480 0.5602696 0.5782329 0.5611737 0.5771513 0.5458794 0.5539882 0.5972907 0.5991362 0.6444626 0.7299186 0.6202786 0.6249807 0.6204135 0.6063943 0.6030562 0.6128748 0.6068453 0.5496497 0.6156216 0.6024601 0.6352315 0.6250096 0.6553336 0.6048396 0.5942269 0.7411651 0.7468125 0.7716211 0.8866344 0.8806433 0.9519586 0.8368964 0.8536568 0.8930878 1.3151588 1.0789579 1.0990375 1.1509971 1.1733369 1.2025500 1.7094569 1.7786176 1.7214247 1.8990976 
XP_027940256.1|Vigna_unguiculata                    0.5177147 0.5101110 0.5253536 0.4997297 0.5067601 0.5409760 0.5214455 0.5214455 0.5231683 0.4975651 0.5192141 0.1414358 0.1441983 0.0634123 0.0530039 0.0000000 0.2253685 0.3515050 0.4548687 0.3816597 0.3796837 0.3804120 0.3841999 0.3950102 0.3803684 0.4322306 0.5302780 0.5091766 0.4458589 0.4331939 0.4590269 0.4635473 0.4581827 0.4611578 0.4535508 0.4283444 0.4283444 0.4363771 0.4164852 0.4298648 0.4370482 0.4450362 0.4733409 0.4497440 0.4588261 0.4468288 0.4865337 0.4282901 0.4281873 0.4421623 0.4736524 0.5270365 0.4261121 0.4154879 0.4434542 0.4947962 0.5296578 0.5333096 0.5538877 0.5376692 0.5628620 0.5255886 0.5265708 0.5728682 0.5840188 0.6228593 0.6955086 0.5858860 0.5857042 0.6158580 0.5775024 0.5744017 0.5839725 0.5684325 0.5052317 0.5659240 0.5576430 0.6025660 0.5830439 0.6244513 0.5779290 0.5617029 0.7272213 0.7179723 0.7461368 0.8712808 0.8638878 0.9273637 0.8186238 0.8431076 0.8867735 1.2885996 1.0883812 1.1082219 1.1628579 1.1569754 1.1705370 1.7109416 1.7634978 1.6721520 1.8695389 
XP_003616926.2|Medicago_truncatula                  0.5215523 0.5288626 0.5387036 0.5122485 0.5325991 0.5391490 0.5371000 0.5371000 0.5210626 0.4936432 0.5523433 0.2325507 0.2299296 0.2314026 0.2407028 0.2253685 0.0000000 0.3538994 0.4634191 0.4385714 0.3943358 0.3995185 0.3933582 0.4128802 0.4089489 0.4493189 0.6094020 0.5746520 0.4614234 0.4526237 0.4832748 0.4878779 0.4789880 0.4804784 0.4841249 0.4484706 0.4484706 0.4566734 0.4523373 0.4419133 0.4491463 0.4805274 0.4904484 0.4854411 0.4888697 0.4661309 0.4998873 0.4608590 0.4624270 0.4534756 0.5232866 0.5897721 0.4627330 0.4538054 0.4895945 0.5852380 0.5858565 0.5895908 0.5831222 0.5664095 0.5916119 0.5483545 0.5596585 0.5942736 0.6025784 0.6347873 0.6962024 0.6018030 0.6337065 0.5811643 0.6276483 0.6125665 0.6285675 0.6417012 0.5889366 0.6143627 0.5958527 0.6449464 0.6468121 0.6578609 0.6003222 0.5896981 0.7955339 0.8190524 0.7747291 0.8678727 0.8730797 0.9548290 0.8127037 0.8356035 0.9294063 1.2792380 1.0718330 1.0972992 1.2222721 1.1171085 1.1451253 1.7084046 1.7208465 1.6517382 1.8150030 
XP_003601388.3|Medicago_truncatula                  0.6176537 0.6004190 0.6091900 0.6062132 0.6098685 0.6481188 0.6332176 0.6332176 0.6237355 0.6183272 0.6470991 0.3443254 0.3687035 0.3737191 0.3655507 0.3515050 0.3538994 0.0000000 0.5610118 0.5487249 0.4697236 0.4728015 0.4585702 0.5121312 0.4958177 0.5307381 0.6455660 0.6083886 0.5630421 0.5479958 0.5902252 0.5952733 0.5854200 0.5853923 0.5513649 0.5318662 0.5318662 0.5407176 0.5268820 0.5269076 0.5235019 0.5853228 0.5844696 0.5369333 0.5519567 0.5724725 0.5894299 0.5167067 0.5151257 0.4970208 0.5810502 0.6356063 0.5666253 0.5660388 0.5823037 0.6891309 0.6524680 0.6564263 0.6728248 0.6469569 0.7066163 0.6755839 0.6757458 0.6622845 0.6650945 0.7196464 0.7952133 0.7586310 0.7663343 0.7377092 0.7602055 0.7746777 0.7590130 0.7481626 0.6904497 0.7477596 0.7490553 0.7858623 0.7774051 0.8143943 0.7249111 0.7174800 0.8569547 0.8857098 0.8504246 0.9917655 0.9966532 1.0479259 0.9211259 0.9527094 1.1067221 1.5174088 1.2115185 1.2413161 1.2714977 1.2756595 1.3343549 1.8328699 1.8833694 1.7573720 1.9475377 
XP_031404507.1|Punica_granatum                      0.5464180 0.5428962 0.5471012 0.5318814 0.5354353 0.5514763 0.5371235 0.5371235 0.5462535 0.5466191 0.5654223 0.4918942 0.4639784 0.4778798 0.4784059 0.4548687 0.4634191 0.5610118 0.0000000 0.3493256 0.3917931 0.3936354 0.4050016 0.3915136 0.3890230 0.4233805 0.5292004 0.4992615 0.4367171 0.4298836 0.4644470 0.4732438 0.4602744 0.4570654 0.4516816 0.4499569 0.4499569 0.4619518 0.4457130 0.4342138 0.4559467 0.4625047 0.4552051 0.4096690 0.4159847 0.4543592 0.4502124 0.4679585 0.4714460 0.4300514 0.4685820 0.5346890 0.4772951 0.4593490 0.5058994 0.5653727 0.5971329 0.6009190 0.6066199 0.5592306 0.6123057 0.5893265 0.5677145 0.5658664 0.5822482 0.5336539 0.6190311 0.5643138 0.5929339 0.5768500 0.7083748 0.6815990 0.7088663 0.6706621 0.5953291 0.6531395 0.6487024 0.6611180 0.6841307 0.6678839 0.6842642 0.6726338 0.7735737 0.7818948 0.7590858 0.8739768 0.8347094 0.9661028 0.8244638 0.8407690 0.9871704 1.3044205 1.1359284 1.1545553 1.1581620 1.0832158 1.1219201 1.6117972 1.7161797 1.6000220 1.7970734 
XP_030514269.1|Rhodamnia_argentea                   0.5271473 0.5237371 0.5345455 0.5200991 0.5195157 0.5167028 0.5154895 0.5154895 0.5148834 0.5344718 0.4896752 0.3897753 0.3932449 0.4163924 0.4064237 0.3816597 0.4385714 0.5487249 0.3493256 0.0000000 0.3575821 0.3714631 0.3884073 0.3768137 0.3689287 0.3846841 0.4874315 0.4443779 0.3720397 0.3662974 0.3547995 0.3629749 0.3510489 0.3516232 0.4352648 0.3906235 0.3906235 0.3983251 0.4077148 0.3923560 0.4085044 0.4553232 0.4219919 0.3761666 0.3825702 0.4102667 0.4592237 0.4102533 0.4161665 0.3970049 0.4377042 0.4900455 0.4379639 0.4414571 0.4691753 0.5329770 0.5064669 0.5100516 0.6186252 0.5760683 0.6292887 0.5918811 0.5714840 0.5056487 0.5434624 0.5673482 0.6547748 0.6046495 0.5619286 0.5766977 0.6086541 0.5840648 0.6004517 0.5876326 0.5437736 0.5611310 0.5717614 0.5777596 0.5725050 0.5453628 0.5948491 0.5837963 0.6291199 0.6599202 0.6739489 0.7906131 0.7696537 0.8345275 0.7445402 0.7585020 0.8366683 1.2751598 1.0994011 1.1306279 1.1515348 1.1392869 1.1956133 1.7472280 1.7906094 1.6210422 1.8906612 
XP_042988561.1|Carya_illinoinensis                  0.4749835 0.4694501 0.4805320 0.4665542 0.4757314 0.4608359 0.4618123 0.4618123 0.4475253 0.4812678 0.4979108 0.3967596 0.3768680 0.4164551 0.4108093 0.3796837 0.3943358 0.4697236 0.3917931 0.3575821 0.0000000 0.0641267 0.0617161 0.2175460 0.2039697 0.2310127 0.4205500 0.4038376 0.3544310 0.3381616 0.3607633 0.3724303 0.3570258 0.3490523 0.3847283 0.2929441 0.2929441 0.3034538 0.3033403 0.2942205 0.2995478 0.3316736 0.3587803 0.3078026 0.3259195 0.3593147 0.3715837 0.3746142 0.3710968 0.3624543 0.4062574 0.4536539 0.3644339 0.3554196 0.4281562 0.4840648 0.4837098 0.4872703 0.5426261 0.5165321 0.5407229 0.5111760 0.5039335 0.4908088 0.5069970 0.5413799 0.5934464 0.5499194 0.5578935 0.5894041 0.5797462 0.5575619 0.5739809 0.5982712 0.5661827 0.5639835 0.5593332 0.5837749 0.5811472 0.6166141 0.5958945 0.5886367 0.7093294 0.7267664 0.7346626 0.8453486 0.8013456 0.8950314 0.7580340 0.7961645 0.9234030 1.1626623 1.0084332 1.0306477 1.0820030 1.0317362 1.0900063 1.7115673 1.7729519 1.5623958 1.6781616 
XP_041017675.1|Juglans_microcarpa_x_Juglans_regia   0.4603196 0.4544429 0.4683968 0.4516144 0.4587544 0.4517572 0.4511294 0.4511294 0.4466464 0.4605204 0.4800491 0.3845979 0.3879573 0.4179408 0.4122243 0.3804120 0.3995185 0.4728015 0.3936354 0.3714631 0.0641267 0.0000000 0.0483508 0.2308477 0.2141449 0.2531816 0.4445453 0.4150876 0.3397676 0.3368348 0.3684655 0.3803008 0.3646729 0.3587713 0.3794221 0.3000049 0.3000049 0.3107419 0.3207178 0.2973432 0.3074924 0.3541133 0.3639667 0.2958026 0.3156625 0.3631575 0.3777146 0.3752245 0.3751350 0.3763093 0.4082271 0.4627105 0.3782997 0.3555118 0.4431019 0.4774401 0.5099414 0.5135614 0.5403469 0.5141878 0.5360902 0.5061919 0.5036012 0.5107934 0.5086168 0.5552686 0.6186624 0.5463786 0.5811791 0.5782195 0.5778836 0.5684128 0.5761074 0.5739108 0.5457558 0.5650219 0.5585175 0.6137881 0.6027564 0.6290741 0.5999944 0.5912046 0.7185159 0.7339938 0.7433273 0.8397101 0.8106020 0.8877210 0.7541817 0.7950626 0.9400664 1.1730685 1.0106288 1.0261541 1.0864595 0.9960622 1.0716647 1.6377752 1.7000439 1.5227048 1.6878388 
XP_018843092.1|Juglans_regia                        0.4741821 0.4708313 0.4865497 0.4679055 0.4790659 0.4593116 0.4638311 0.4638311 0.4526792 0.4777173 0.4798599 0.3891111 0.3803207 0.4197350 0.4140637 0.3841999 0.3933582 0.4585702 0.4050016 0.3884073 0.0617161 0.0483508 0.0000000 0.2279004 0.2138276 0.2567993 0.4486002 0.4167950 0.3527815 0.3460504 0.3806406 0.3848545 0.3767696 0.3685221 0.4015497 0.3144117 0.3144117 0.3253518 0.3271867 0.3078869 0.3156392 0.3513558 0.3794645 0.3210019 0.3358342 0.3740280 0.3936158 0.3963751 0.3927724 0.3824570 0.4167654 0.4672494 0.3625216 0.3516975 0.4282725 0.4883754 0.5147698 0.5184115 0.5542473 0.5274868 0.5556513 0.5146099 0.5227885 0.5082971 0.5039100 0.5654328 0.6205191 0.5495074 0.5800992 0.6023653 0.6126449 0.5998983 0.6079454 0.6123569 0.5624157 0.5963087 0.5896325 0.6469670 0.6347045 0.6551813 0.6292979 0.6203034 0.7438565 0.7622706 0.7642845 0.8785755 0.8420454 0.9183265 0.7835173 0.8250101 0.9318788 1.1993468 1.0292537 1.0456595 1.1047620 1.0354082 1.0989340 1.7205927 1.7445703 1.5183809 1.7528692 
XP_030951100.1|Quercus_lobata                       0.4926681 0.4823852 0.4988972 0.4820839 0.4732067 0.4778176 0.4793134 0.4793134 0.4606632 0.4778668 0.4923959 0.4036767 0.4010171 0.4246355 0.4148803 0.3950102 0.4128802 0.5121312 0.3915136 0.3768137 0.2175460 0.2308477 0.2279004 0.0000000 0.0223524 0.3039269 0.4618223 0.4453551 0.3165472 0.3361267 0.3591373 0.3680346 0.3553533 0.3472808 0.3792656 0.2849354 0.2849354 0.2953449 0.2756725 0.2727380 0.2861932 0.3215309 0.3686992 0.3074515 0.3026483 0.3530485 0.3660302 0.3522439 0.3435982 0.3581797 0.3712339 0.4170868 0.3661683 0.3424185 0.4068852 0.4764465 0.5085035 0.5121030 0.5349382 0.5242492 0.5717413 0.5236889 0.5085240 0.5157105 0.5136604 0.5524265 0.6031061 0.5463871 0.5741605 0.6126230 0.6366543 0.6231821 0.6355781 0.6462102 0.5779686 0.6174346 0.6151778 0.6224793 0.6346408 0.6704691 0.6330598 0.5956709 0.7857567 0.7978274 0.7601923 0.8869739 0.8545881 0.9191963 0.8116053 0.8138026 0.9209673 1.1892073 1.0424454 1.0720511 1.0688287 1.0339275 1.0652669 1.6766138 1.6298921 1.6779479 1.7930076 
XP_023912979.1|Quercus_suber                        0.4786785 0.4684547 0.4848272 0.4698771 0.4610962 0.4584385 0.4600362 0.4600362 0.4416065 0.4584076 0.4700212 0.3937560 0.3937224 0.4064497 0.3967134 0.3803684 0.4089489 0.4958177 0.3890230 0.3689287 0.2039697 0.2141449 0.2138276 0.0223524 0.0000000 0.2889589 0.4544564 0.4336292 0.2974853 0.3155079 0.3383955 0.3469949 0.3346956 0.3267953 0.3617830 0.2744276 0.2744276 0.2847470 0.2719277 0.2689801 0.2823780 0.3064370 0.3594256 0.2861639 0.2819451 0.3358043 0.3637588 0.3318438 0.3233081 0.3484611 0.3614686 0.4165596 0.3661997 0.3331584 0.3930511 0.4571420 0.5045328 0.5081123 0.5324950 0.5236749 0.5641495 0.5294456 0.5141486 0.5213428 0.5218807 0.5567101 0.6090704 0.5463873 0.5789984 0.6008577 0.6270291 0.6137741 0.6260235 0.6373218 0.5655234 0.6088695 0.6066210 0.6137758 0.6258592 0.6577898 0.6280994 0.5910127 0.7780726 0.7885807 0.7566629 0.8782900 0.8462390 0.9101421 0.8038621 0.8210325 0.9219475 1.2008182 1.0345136 1.0641499 1.0614778 1.0326245 1.0615102 1.6623020 1.6492809 1.6557679 1.7822399 
XP_042991128.1|Carya_illinoinensis                  0.5646929 0.5556291 0.5638759 0.5570227 0.5508973 0.5501731 0.5500930 0.5500930 0.5609897 0.5451677 0.5298573 0.4275034 0.4218399 0.4720158 0.4539748 0.4322306 0.4493189 0.5307381 0.4233805 0.3846841 0.2310127 0.2531816 0.2567993 0.3039269 0.2889589 0.0000000 0.4614084 0.4326050 0.3802183 0.3702086 0.3876484 0.3918051 0.3877447 0.3795842 0.4261982 0.3530446 0.3530446 0.3596434 0.3666318 0.3507545 0.3601623 0.4071517 0.4166341 0.3615965 0.3671061 0.4283909 0.4696876 0.4117822 0.4122733 0.4059343 0.4124535 0.4424915 0.4454377 0.4387795 0.4912878 0.5370192 0.5713066 0.5750701 0.6181855 0.5770505 0.6395980 0.6002576 0.5877798 0.5699983 0.5728355 0.6425199 0.6839205 0.6451721 0.6555781 0.6663899 0.6966890 0.6706197 0.6927064 0.6661347 0.6460961 0.6450776 0.6343475 0.6708024 0.6664361 0.6747240 0.6900076 0.6611594 0.7776787 0.8166800 0.8424536 0.9487810 0.9160671 0.9890958 0.8418163 0.8617536 0.9947322 1.2241429 1.1185398 1.1571075 1.1487518 1.1169892 1.1799532 1.7528904 1.7360791 1.5989693 1.7715016 
XP_022718677.1|Durio_zibethinus                     0.6104563 0.6348531 0.6352666 0.6429152 0.6183564 0.6548543 0.6561512 0.6561512 0.6443076 0.6278451 0.6409584 0.5431683 0.5256998 0.5573833 0.5371430 0.5302780 0.6094020 0.6455660 0.5292004 0.4874315 0.4205500 0.4445453 0.4486002 0.4618223 0.4544564 0.4614084 0.0000000 0.1429734 0.3084890 0.3072372 0.3106454 0.3169438 0.3100012 0.3112140 0.4547669 0.4322670 0.4322670 0.4288675 0.4303149 0.4209058 0.4363998 0.4917155 0.4549880 0.4271754 0.4456210 0.4868559 0.5229082 0.5227015 0.5245691 0.4813781 0.5104944 0.5097448 0.5202015 0.5007721 0.5059789 0.5654282 0.6447439 0.6487708 0.6891336 0.6544580 0.7011000 0.6630215 0.6559763 0.6165976 0.6250884 0.6384388 0.7447704 0.7052265 0.6653376 0.6618050 0.7619148 0.7287812 0.7568624 0.7772285 0.7193253 0.7545255 0.7629179 0.7635275 0.7656364 0.8387924 0.8001232 0.8002523 0.8708158 0.8984546 0.9041289 0.9602281 0.9703541 0.9784674 0.9338875 0.9559297 1.0455620 1.3688882 1.1204443 1.1569688 1.1957663 1.1927131 1.1896527 1.7056077 1.6845658 1.6887152 1.8740588 
XP_007029832.2|Theobroma_cacao                      0.5590642 0.5815145 0.5862080 0.5893767 0.5692782 0.5959466 0.6042545 0.6042545 0.6065662 0.5774565 0.5992621 0.5255483 0.5114220 0.5527766 0.5351125 0.5091766 0.5746520 0.6083886 0.4992615 0.4443779 0.4038376 0.4150876 0.4167950 0.4453551 0.4336292 0.4326050 0.1429734 0.0000000 0.2867725 0.2904925 0.3107001 0.3204437 0.3071749 0.3083804 0.4360766 0.4190554 0.4190554 0.4226396 0.4200024 0.4038228 0.4189770 0.4627593 0.4593242 0.4122813 0.4307066 0.4630838 0.5013195 0.4524022 0.4598123 0.4542346 0.4921758 0.4907922 0.4951084 0.4845977 0.5095122 0.5297430 0.6342511 0.6382510 0.6826176 0.6336008 0.6851993 0.6422071 0.6373420 0.5923010 0.6075648 0.6233849 0.7156869 0.6963704 0.6503071 0.6559351 0.7206509 0.6887183 0.7122753 0.7165829 0.6671488 0.6972430 0.7060685 0.7393024 0.7376826 0.7868848 0.7571020 0.7599438 0.7924453 0.8273404 0.8541187 0.9524050 0.9250960 0.9965066 0.8989783 0.9177737 1.0451129 1.3020732 1.1403197 1.1761862 1.1526442 1.1113845 1.1622025 1.6539737 1.6307174 1.6831659 1.8080579 
XP_022718676.1|Durio_zibethinus                     0.4515877 0.4602316 0.4681464 0.4653947 0.4527739 0.4777881 0.4676843 0.4676843 0.4552115 0.4792848 0.4563559 0.4352508 0.4265871 0.4526245 0.4409333 0.4458589 0.4614234 0.5630421 0.4367171 0.3720397 0.3544310 0.3397676 0.3527815 0.3165472 0.2974853 0.3802183 0.3084890 0.2867725 0.0000000 0.1080275 0.1082697 0.1132152 0.1055064 0.1059953 0.3125885 0.3450228 0.3450228 0.3483617 0.3424877 0.3418965 0.3541011 0.3612182 0.3579767 0.3499894 0.3557358 0.3910408 0.4138424 0.3833216 0.3855925 0.4040204 0.4119728 0.4288767 0.4613390 0.4165558 0.4710031 0.5119657 0.5688423 0.5650318 0.5848827 0.5648847 0.5951154 0.5676273 0.5830313 0.5324582 0.5564313 0.5026545 0.6196408 0.5790736 0.5795665 0.5802751 0.6381222 0.6059019 0.6259825 0.6503912 0.5869312 0.6267644 0.6396560 0.6189489 0.6414961 0.6936309 0.6466629 0.6469773 0.7726835 0.8004911 0.7723485 0.8699516 0.8387072 0.8930455 0.8041153 0.8059337 0.9289223 1.2340670 0.9999421 1.0227534 1.0995179 1.0291862 1.0647670 1.6154896 1.5580625 1.5317630 1.7428137 
XP_017977387.1|Theobroma_cacao                      0.4333115 0.4457848 0.4483580 0.4543636 0.4350252 0.4669048 0.4676593 0.4676593 0.4650928 0.4695851 0.4386935 0.4271609 0.4263398 0.4468065 0.4351974 0.4331939 0.4526237 0.5479958 0.4298836 0.3662974 0.3381616 0.3368348 0.3460504 0.3361267 0.3155079 0.3702086 0.3072372 0.2904925 0.1080275 0.0000000 0.1399765 0.1450512 0.1436097 0.1433559 0.2821965 0.2989099 0.2989099 0.2986323 0.3144441 0.3016530 0.3106231 0.3474884 0.3413151 0.3450421 0.3489265 0.3758314 0.3902224 0.3882314 0.3927281 0.4095392 0.3890583 0.4020458 0.4165423 0.3769148 0.4319786 0.4693712 0.5463651 0.5425823 0.5736186 0.5723101 0.5745037 0.5537305 0.5727854 0.5002233 0.5242181 0.5131703 0.6080110 0.5948698 0.6021896 0.5842091 0.6100340 0.5877031 0.6051262 0.6436234 0.5922946 0.6002055 0.6022723 0.5796462 0.6083918 0.6646121 0.6319637 0.6229710 0.7606411 0.7879273 0.7663627 0.8566981 0.8317321 0.8863851 0.7802556 0.7914138 0.9141330 1.1697807 1.0205156 1.0474837 1.0665435 1.0389085 1.0431888 1.6408597 1.6086151 1.5378987 1.6463383 
XP_017631612.1|Gossypium_arboreum                   0.4559989 0.4767672 0.4826343 0.4734183 0.4720103 0.4864755 0.4878756 0.4878756 0.4665863 0.4958844 0.4875131 0.4604798 0.4467430 0.4757578 0.4713299 0.4590269 0.4832748 0.5902252 0.4644470 0.3547995 0.3607633 0.3684655 0.3806406 0.3591373 0.3383955 0.3876484 0.3106454 0.3107001 0.1082697 0.1399765 0.0000000 0.0072019 0.0072174 0.0096412 0.3223978 0.3376556 0.3376556 0.3409666 0.3490119 0.3359710 0.3495532 0.3723065 0.3666528 0.3593068 0.3637997 0.3910360 0.4295192 0.3883186 0.3944331 0.4045341 0.4397019 0.4546974 0.4278281 0.4138285 0.4550019 0.5214000 0.5701480 0.5663390 0.5986483 0.5731039 0.5905532 0.5647407 0.5839730 0.5254186 0.5527588 0.4978324 0.6111223 0.5843457 0.5765526 0.6174031 0.6339961 0.6045644 0.6264122 0.6466323 0.6064236 0.6225375 0.6319786 0.6097278 0.6450746 0.6920881 0.6524035 0.6388594 0.7583095 0.7899709 0.7801846 0.8787456 0.8497215 0.9080855 0.8063929 0.8101198 0.9066006 1.1827386 1.0093971 1.0414474 1.0954007 1.0372512 1.0817850 1.6592743 1.5845579 1.5457365 1.7053614 
XP_016727798.1|Gossypium_hirsutum                   0.4604900 0.4813330 0.4872107 0.4779856 0.4765557 0.4997515 0.5012446 0.5012446 0.4796689 0.5093021 0.4881889 0.4650393 0.4511977 0.4803218 0.4758777 0.4635473 0.4878779 0.5952733 0.4732438 0.3629749 0.3724303 0.3803008 0.3848545 0.3680346 0.3469949 0.3918051 0.3169438 0.3204437 0.1132152 0.1450512 0.0072019 0.0000000 0.0145128 0.0169634 0.3336670 0.3477682 0.3477682 0.3475835 0.3557134 0.3460427 0.3598197 0.3842818 0.3707604 0.3710503 0.3756287 0.4031945 0.4419670 0.3966892 0.4028945 0.4130507 0.4525490 0.4661952 0.4366390 0.4224422 0.4639141 0.5326600 0.5804862 0.5766530 0.6135033 0.5874502 0.6052925 0.5789951 0.5984562 0.5287813 0.5562316 0.5113865 0.6231506 0.5947050 0.5867779 0.6262309 0.6392303 0.6096709 0.6315915 0.6519276 0.6120031 0.6277274 0.6371936 0.6148332 0.6468784 0.6976067 0.6577375 0.6441320 0.7640592 0.7958600 0.7856831 0.8859599 0.8567278 0.9155044 0.8132599 0.8169945 0.9118092 1.1940151 1.0235868 1.0557155 1.0996534 1.0571502 1.0998274 1.6861322 1.6011969 1.5607297 1.7254248 
XP_016697670.1|Gossypium_hirsutum                   0.4478737 0.4636812 0.4711216 0.4603341 0.4637796 0.4781333 0.4794761 0.4794761 0.4583644 0.4874560 0.4793163 0.4599333 0.4459166 0.4748979 0.4704751 0.4581827 0.4789880 0.5854200 0.4602744 0.3510489 0.3570258 0.3646729 0.3767696 0.3553533 0.3346956 0.3877447 0.3100012 0.3071749 0.1055064 0.1436097 0.0072174 0.0145128 0.0000000 0.0072227 0.3217314 0.3340196 0.3340196 0.3373228 0.3453362 0.3323486 0.3458712 0.3763082 0.3592307 0.3577945 0.3622922 0.3970151 0.4207739 0.3844562 0.3905305 0.4006085 0.4391736 0.4541531 0.4237729 0.4098608 0.4594197 0.5200665 0.5749097 0.5710804 0.6093878 0.5783204 0.5959146 0.5699224 0.5892406 0.5338092 0.5612921 0.5111104 0.6219248 0.5881033 0.5841771 0.6257026 0.6433423 0.6136217 0.6356449 0.6528162 0.6164327 0.6317825 0.6412877 0.6188032 0.6527156 0.6999360 0.6619657 0.6463015 0.7688121 0.8007777 0.7867790 0.8864715 0.8610346 0.9201166 0.8206959 0.8211815 0.9162603 1.1967829 1.0214316 1.0534937 1.1061581 1.0508960 1.0960099 1.6860655 1.5988421 1.5307919 1.7006726 
XP_012492359.1|Gossypium_raimondii                  0.4525862 0.4733081 0.4807766 0.4699564 0.4685644 0.4829927 0.4843697 0.4843697 0.4653626 0.4910126 0.4843149 0.4609016 0.4401413 0.4779534 0.4735062 0.4611578 0.4804784 0.5853923 0.4570654 0.3516232 0.3490523 0.3587713 0.3685221 0.3472808 0.3267953 0.3795842 0.3112140 0.3083804 0.1059953 0.1433559 0.0096412 0.0169634 0.0072227 0.0000000 0.3215495 0.3359832 0.3359832 0.3393017 0.3473588 0.3342993 0.3478990 0.3698550 0.3627137 0.3583862 0.3628986 0.3968572 0.4239291 0.3850839 0.3830155 0.3930606 0.4363232 0.4568346 0.4262549 0.4122499 0.4607935 0.5217754 0.5726727 0.5688440 0.5986273 0.5695246 0.5868907 0.5601732 0.5803686 0.5294541 0.5568395 0.5070015 0.6136051 0.5808469 0.5798312 0.6232168 0.6516578 0.6216637 0.6438549 0.6612386 0.6235092 0.6400018 0.6495695 0.6268699 0.6642340 0.7060035 0.6656943 0.6519398 0.7730580 0.8051871 0.7882350 0.8916031 0.8682308 0.9278344 0.8274199 0.8311805 0.9208561 1.2025877 1.0218987 1.0539900 1.1067310 1.0513903 1.0965601 1.6940298 1.6112133 1.5479563 1.7177656 
XP_021900824.1|Carica_papaya                        0.4855590 0.4912332 0.4937596 0.4967876 0.4851638 0.4910119 0.4704724 0.4704724 0.4752107 0.4854023 0.4847015 0.4494060 0.4502915 0.4529292 0.4468638 0.4535508 0.4841249 0.5513649 0.4516816 0.4352648 0.3847283 0.3794221 0.4015497 0.3792656 0.3617830 0.4261982 0.4547669 0.4360766 0.3125885 0.2821965 0.3223978 0.3336670 0.3217314 0.3215495 0.0000000 0.3891400 0.3891400 0.4007105 0.3883836 0.3885487 0.4014284 0.3715419 0.3933100 0.3591062 0.3557260 0.3679568 0.4135833 0.4127463 0.4220016 0.4181932 0.4094336 0.4531261 0.4666859 0.4314315 0.4966747 0.5591816 0.5525405 0.5487153 0.6088208 0.5783039 0.6226400 0.5791999 0.5893235 0.5508354 0.5814276 0.5527057 0.6353765 0.6059529 0.6280082 0.6220531 0.6256598 0.6131554 0.6178987 0.6101283 0.5810501 0.6098329 0.6012721 0.6159291 0.6154098 0.6820649 0.6593853 0.6406768 0.7566895 0.7793449 0.7477636 0.8360247 0.8055385 0.9070040 0.7591765 0.7872090 0.9424690 1.3251781 1.0454899 1.0594110 1.1146861 1.0453859 1.0733675 1.7372664 1.6709021 1.6538975 1.7331028 
KAH9694132.1|Citrus_sinensis                        0.4573387 0.4589182 0.4623292 0.4594137 0.4582203 0.4729323 0.4832558 0.4832558 0.4670766 0.4907818 0.4925578 0.4224130 0.4268571 0.4441256 0.4370036 0.4283444 0.4484706 0.5318662 0.4499569 0.3906235 0.2929441 0.3000049 0.3144117 0.2849354 0.2744276 0.3530446 0.4322670 0.4190554 0.3450228 0.2989099 0.3376556 0.3477682 0.3340196 0.3359832 0.3891400 0.0000000 0.0000010 0.0073018 0.0348072 0.0196862 0.0246767 0.3176767 0.3571833 0.3041685 0.3083495 0.3276885 0.3759299 0.3564737 0.3616848 0.3957731 0.4044050 0.4349235 0.3918037 0.3766800 0.4591048 0.4980164 0.5286833 0.5323450 0.5718217 0.5454117 0.5563440 0.5444499 0.5520119 0.5392930 0.5564189 0.5941035 0.6450211 0.6460642 0.6653586 0.6071597 0.5934831 0.5713518 0.5859136 0.5792295 0.5680577 0.5749430 0.5685065 0.5956815 0.6038897 0.6216955 0.5956454 0.5769190 0.7509552 0.7867954 0.7647650 0.8570240 0.8539809 0.8932764 0.8150330 0.8092771 0.8618485 1.1837001 0.9815970 1.0129979 1.0461001 1.0686395 1.0840340 1.5010443 1.6070459 1.5433030 1.6566543 
XP_006435494.1|Citrus_clementina                    0.4573387 0.4589182 0.4623292 0.4594137 0.4582203 0.4729323 0.4832558 0.4832558 0.4670766 0.4907818 0.4925578 0.4224130 0.4268571 0.4441256 0.4370036 0.4283444 0.4484706 0.5318662 0.4499569 0.3906235 0.2929441 0.3000049 0.3144117 0.2849354 0.2744276 0.3530446 0.4322670 0.4190554 0.3450228 0.2989099 0.3376556 0.3477682 0.3340196 0.3359832 0.3891400 0.0000010 0.0000000 0.0073018 0.0348072 0.0196862 0.0246767 0.3176767 0.3571833 0.3041685 0.3083495 0.3276885 0.3759299 0.3564737 0.3616848 0.3957731 0.4044050 0.4349235 0.3918037 0.3766800 0.4591048 0.4980164 0.5286833 0.5323450 0.5718217 0.5454117 0.5563440 0.5444499 0.5520119 0.5392930 0.5564189 0.5941035 0.6450211 0.6460642 0.6653586 0.6071597 0.5934831 0.5713518 0.5859136 0.5792295 0.5680577 0.5749430 0.5685065 0.5956815 0.6038897 0.6216955 0.5956454 0.5769190 0.7509552 0.7867954 0.7647650 0.8570240 0.8539809 0.8932764 0.8150330 0.8092771 0.8618485 1.1837001 0.9815970 1.0129979 1.0461001 1.0686395 1.0840340 1.5010443 1.6070459 1.5433030 1.6566543 
