131
NP_180916.1|Arabidopsis_thaliana                    0.0000000 0.1325968 0.1313143 0.1317748 0.1051590 0.2076371 0.2114193 0.2068175 0.2297825 0.2216083 0.5596305 0.8454841 0.8221115 0.8106129 0.8060676 0.8195303 0.8154574 0.9533203 0.8095023 0.8002562 0.8187385 0.8244942 0.8287771 0.8055551 0.7751829 0.9452180 0.9113857 0.8277892 0.7344176 0.7156518 0.7606214 0.7683080 0.7514244 0.7556546 0.7847463 0.7889880 0.7406215 0.7343491 0.7479983 0.7816037 0.7894101 0.7894101 0.7942795 0.7992539 0.7864613 0.7943614 0.7703825 0.7801421 0.7820984 0.7867920 0.8419243 0.7860087 0.7730705 0.8434106 0.9593735 0.9262134 0.9078343 1.0796427 1.0859189 0.9469192 0.9413193 0.9649471 0.9111722 0.9302230 0.9532828 0.9539790 0.9516706 1.0888563 1.0547670 1.0420683 1.0467104 1.1681916 1.1625867 1.1854495 1.1769914 1.1782881 1.1772163 1.1703507 1.1633583 1.1382307 1.1937550 1.1506160 1.1032821 1.3258525 1.3213921 1.4247263 1.4363500 1.3452654 1.4938320 1.3685430 1.4043851 1.4276694 1.4203841 1.3955625 1.3875698 1.3864340 1.7027019 1.7150278 1.7094624 1.6988619 1.7021346 1.7063847 1.7029848 1.6981184 1.7034654 1.6607631 1.6448863 1.5626060 1.6632960 1.4989005 1.5379422 1.5850006 1.5961635 1.6777205 1.6987415 1.7237100 1.5835001 1.4841429 1.4833439 1.4797218 1.4574908 1.7528850 1.8371355 2.2853994 1.9282362 1.9614732 2.0681672 2.0024212 2.0339169 2.1348889 2.2309000 
XP_010413840.1|Camelina_sativa                      0.1325968 0.0000000 0.0377057 0.0555256 0.0986790 0.2368123 0.2343466 0.2314971 0.2302661 0.2103025 0.5736404 0.8795590 0.8576973 0.8620760 0.8543112 0.8701167 0.8424860 0.9905050 0.8423071 0.8297324 0.8240012 0.8186108 0.8309214 0.8190847 0.8001835 0.9683361 0.9533727 0.9278389 0.7945636 0.7784389 0.8225366 0.8305526 0.8019883 0.8143511 0.8169046 0.8059960 0.7569500 0.7502488 0.7691082 0.8096768 0.8109238 0.8109238 0.8174798 0.8258889 0.8122508 0.8170302 0.8323662 0.8171814 0.7855925 0.7958325 0.8754330 0.8537353 0.8380656 0.9240469 1.0076401 0.9585440 0.9136248 1.1291031 1.1363302 1.0179495 1.0021991 1.0290951 0.9903546 1.0131012 0.9970023 1.0138099 1.0539118 1.1476300 1.0949723 1.0901034 1.0928816 1.1957304 1.1850760 1.1990080 1.2572670 1.2271323 1.2545257 1.2502785 1.2058613 1.1769576 1.2167424 1.1869967 1.1272712 1.2815172 1.2644867 1.3954708 1.4104938 1.3308539 1.4620976 1.3565457 1.3862871 1.4569009 1.4102921 1.4344134 1.4300778 1.4251332 1.7559317 1.7069581 1.7139446 1.7067000 1.7211291 1.7169365 1.7135092 1.7061663 1.7353215 1.6933852 1.6981682 1.6232593 1.6550689 1.5682493 1.6096097 1.6832695 1.6466009 1.7431105 1.7668328 1.7930206 1.6423269 1.5639920 1.5636753 1.5832893 1.5469254 1.7656250 1.9067852 2.3472655 2.0159013 2.0369560 2.1319659 2.0839520 2.1221196 2.1987924 2.3243721 
XP_010469453.1|Camelina_sativa                      0.1313143 0.0377057 0.0000000 0.0960784 0.0976665 0.2255554 0.2252160 0.2224093 0.2317011 0.2141285 0.6379360 0.8939798 0.8730591 0.8634495 0.8574590 0.8753918 0.8462590 1.0835255 0.8378057 0.8233082 0.8199592 0.8166315 0.8303525 0.8367383 0.8177914 0.9732930 0.9606918 0.9245186 0.8786616 0.7698422 0.8264606 0.8343943 0.8071189 0.8193446 0.9057366 0.8167566 0.7716423 0.7688237 0.7742650 0.8015225 0.8027401 0.8027401 0.8120673 0.8203457 0.8049019 0.8093421 0.9080473 0.8194217 0.8686483 0.8792745 0.8925534 0.8521525 0.8344999 0.9079534 0.9902894 0.9670563 0.9403605 1.1086510 1.1157266 1.0072395 0.9864172 1.0117295 0.9716684 0.9942489 0.9785726 0.9982673 1.0495999 1.1431074 1.0951925 1.0961861 1.1836733 1.3656151 1.1915628 1.2102470 1.2604396 1.2387075 1.2649701 1.2611166 1.2050713 1.1820700 1.2121216 1.1834580 1.1238112 1.3012990 1.3186711 1.4108159 1.6400586 1.3400389 1.4726627 1.3620187 1.4183761 1.4605271 1.4409447 1.4307966 1.4222305 1.4216099 1.7522217 1.7035497 1.7105203 1.7005119 1.7176988 1.7070964 1.7036992 1.6947667 1.7330354 1.6912398 1.6796188 1.6447131 1.6699974 1.5586790 1.6057442 1.6998518 1.6627998 1.7491041 1.7727127 1.7987815 1.6772100 1.5630781 1.5608743 1.5615875 1.5607502 1.7677598 1.9363751 2.3164702 1.9796124 2.0058554 2.1156995 2.0755771 2.1242878 2.1879017 2.2981062 
XP_010509863.1|Camelina_sativa                      0.1317748 0.0555256 0.0960784 0.0000000 0.1070894 0.2409230 0.2332999 0.2310052 0.2311816 0.2164856 0.6346112 0.8587099 0.8355898 0.8321701 0.8307544 0.8443733 0.8238611 1.0404635 0.8344983 0.8335315 0.8109382 0.8069547 0.8196228 0.8087960 0.7885266 0.9528571 0.9797003 0.9272315 0.8919413 0.7753333 0.8294753 0.8374803 0.8099125 0.8222735 0.8897204 0.8061643 0.7706725 0.7653566 0.7876864 0.8193501 0.8206063 0.8206063 0.8271335 0.8325512 0.8198731 0.8244064 0.9087047 0.8152878 0.8693032 0.8800237 0.8910929 0.8327468 0.8200284 0.8974287 0.9821088 0.9632398 0.9371059 1.1187255 1.1258258 0.9841581 0.9671454 0.9962421 0.9587489 0.9820480 0.9726741 0.9932471 1.0213628 1.1246935 1.0747829 1.0642280 1.1690969 1.3077040 1.1590242 1.1738695 1.2180200 1.1885610 1.2182979 1.2094917 1.2010242 1.1627126 1.1893040 1.1592100 1.1148705 1.2802724 1.2996198 1.4308974 1.5569336 1.3390963 1.4722201 1.3804378 1.4283945 1.4743754 1.4601918 1.4693557 1.4606577 1.4599635 1.7325141 1.7157572 1.7227446 1.7109487 1.7281693 1.7217027 1.7182845 1.7082458 1.7443976 1.7054752 1.6986171 1.6447872 1.6673670 1.5709376 1.6452598 1.7156240 1.6852863 1.7809998 1.8033655 1.8337730 1.6936558 1.5671716 1.5633552 1.5621653 1.5105831 1.7402039 1.9138932 2.2973007 1.9631093 1.9788619 2.0922096 2.0754679 2.1064634 2.1366329 2.3077705 
XP_006295585.1|Capsella_rubella                     0.1051590 0.0986790 0.0976665 0.1070894 0.0000000 0.2107303 0.2207632 0.2179960 0.2201426 0.2075261 0.5805183 0.8627675 0.8619558 0.8443963 0.8441493 0.8575089 0.8622932 0.9667982 0.8321720 0.8123915 0.8449725 0.8436951 0.8603089 0.7979886 0.7734641 0.9789390 0.9405530 0.8776291 0.7667752 0.7487048 0.7931925 0.8009921 0.7838307 0.7914978 0.8115326 0.8103760 0.7608954 0.7524241 0.7626729 0.8071276 0.8149987 0.8149987 0.8148286 0.8229614 0.8076149 0.8201118 0.8057105 0.8209837 0.7851112 0.7955077 0.8570339 0.8245187 0.8187857 0.8740709 0.9885158 0.9320480 0.9135017 1.1094194 1.1119496 0.9827375 0.9803016 0.9935017 0.9548874 0.9676653 0.9542835 0.9558267 0.9949945 1.1263804 1.0780547 1.0643750 1.0604889 1.1692993 1.1585207 1.1813578 1.1740988 1.1706547 1.1739708 1.1671039 1.1653560 1.1365989 1.1899106 1.1682859 1.1169276 1.3147661 1.2921811 1.3958676 1.3777398 1.2992191 1.4296899 1.3328055 1.3497232 1.4374631 1.3923429 1.3968267 1.3924930 1.3877503 1.7164047 1.6874412 1.6955765 1.6761041 1.6852496 1.6699235 1.6666316 1.6595252 1.6788473 1.6353997 1.6211755 1.6207479 1.6496233 1.5115277 1.5287919 1.6344176 1.6319964 1.7348782 1.7603470 1.7862830 1.5917766 1.5127894 1.5108492 1.5146372 1.4820457 1.7669237 1.8649919 2.2287380 1.8788928 1.9039839 2.0158237 2.0018144 2.0356804 2.1479099 2.2851197 
XP_013671298.1|Brassica_napus                       0.2076371 0.2368123 0.2255554 0.2409230 0.2107303 0.0000000 0.0572232 0.0505459 0.0759978 0.1930238 0.5353121 0.8681346 0.8558506 0.8436252 0.8396777 0.8503595 0.8121070 0.9916764 0.8398926 0.8239916 0.7727538 0.7879960 0.7870760 0.7846277 0.7508489 0.9157843 0.9663936 0.8807533 0.7758044 0.7795416 0.8068717 0.8224845 0.7998563 0.8042333 0.7741430 0.7777400 0.7589634 0.7629358 0.7362295 0.7818060 0.7895007 0.7895007 0.7906032 0.7957001 0.7773105 0.7868485 0.7733879 0.7887405 0.8106350 0.8163134 0.8672969 0.7895206 0.7919291 0.8468910 0.9377231 0.8608055 0.8879387 1.0823891 1.0877814 0.9549588 0.9356872 0.9703036 0.9369748 0.9478199 0.9554612 0.9604935 0.9484345 1.0515011 1.0055367 1.0083230 1.0262819 1.1412015 1.1421712 1.1770612 1.1518674 1.1498422 1.1463551 1.1499876 1.1749178 1.1438316 1.1342719 1.1058302 1.0542652 1.2742638 1.2381624 1.3627180 1.3820376 1.2828781 1.4347484 1.3197382 1.3569296 1.4408497 1.4010980 1.3906759 1.3920783 1.3873547 1.7866186 1.7080544 1.7001970 1.6850089 1.6880710 1.6865312 1.6871645 1.6765194 1.6922345 1.6616912 1.6495090 1.6027842 1.6509285 1.5283427 1.6719462 1.6561976 1.6191974 1.7337292 1.7683388 1.7838120 1.6171492 1.5792539 1.5500167 1.5733845 1.5222171 1.7169701 1.7394563 2.2949147 1.9477376 1.9814780 2.1285546 2.0603112 2.0321205 2.0367713 2.2662928 
XP_013662422.1|Brassica_napus                       0.2114193 0.2343466 0.2252160 0.2332999 0.2207632 0.0572232 0.0000000 0.0059413 0.0908944 0.1977736 0.5347952 0.8524693 0.8428291 0.8357794 0.8317437 0.8346571 0.8198501 0.9737858 0.8213088 0.8263631 0.7926445 0.7984220 0.8015560 0.7957577 0.7653205 0.9164991 0.9656974 0.8955814 0.7477706 0.7547898 0.7945182 0.8100654 0.7875329 0.7918880 0.7864015 0.7845857 0.7532052 0.7612442 0.7401811 0.8085771 0.8164664 0.8164664 0.8175790 0.8131306 0.8032690 0.8129673 0.7549880 0.8001479 0.8074106 0.8130779 0.8584244 0.8016871 0.7873612 0.8389231 0.9298710 0.8631766 0.8836176 1.0737497 1.0791100 0.9495832 0.9396912 0.9881340 0.9572868 0.9568638 0.9570818 0.9674261 0.9603075 1.0621139 1.0284959 1.0147418 1.0293390 1.1124410 1.1172927 1.1485681 1.1297983 1.1548584 1.1282914 1.1287352 1.1417741 1.1197247 1.1523800 1.1000416 1.0603388 1.2493578 1.2374086 1.3314160 1.3826776 1.2946900 1.4452609 1.3114901 1.3475049 1.4449695 1.3905220 1.4078765 1.4093105 1.4045260 1.7777916 1.6871292 1.6820931 1.6670811 1.6937307 1.6694277 1.6609241 1.6609118 1.6703089 1.6395587 1.6194113 1.6320949 1.6733008 1.5257981 1.6496774 1.6581825 1.6212064 1.7619768 1.7827834 1.8111716 1.6203848 1.5549992 1.5277726 1.5455793 1.5021474 1.6916278 1.7300533 2.3201087 1.9986685 2.0347376 2.1504577 2.0508294 2.0561127 2.0498938 2.2664318 
XP_009141328.1|Brassica_rapa                        0.2068175 0.2314971 0.2224093 0.2310052 0.2179960 0.0505459 0.0059413 0.0000000 0.0906943 0.1989692 0.5363455 0.8504424 0.8497205 0.8365685 0.8325365 0.8343216 0.8133624 0.9850507 0.8175331 0.8262250 0.7984257 0.8042565 0.8073808 0.7986314 0.7681504 0.9222301 0.9702409 0.9064058 0.7562443 0.7560310 0.8002063 0.8158223 0.7931899 0.7975659 0.7886951 0.7852643 0.7539971 0.7620130 0.7456016 0.8146426 0.8225715 0.8225715 0.8236855 0.8187949 0.8093089 0.8190401 0.7601437 0.8014662 0.8124164 0.8181126 0.8626313 0.8002490 0.7859959 0.8483777 0.9307553 0.8585106 0.8890009 1.0646015 1.0699199 0.9495832 0.9421849 0.9895500 0.9558248 0.9583096 0.9585264 0.9659624 0.9646040 1.0661743 1.0331962 1.0174223 1.0357874 1.1168818 1.1217762 1.1530652 1.1341467 1.1565503 1.1295841 1.1300328 1.1512113 1.1271715 1.1476864 1.0987779 1.0522111 1.2636138 1.2276071 1.3398407 1.3898322 1.3025583 1.4536412 1.3182240 1.3543546 1.4410752 1.3985349 1.4160221 1.4174705 1.4126592 1.8075568 1.6964507 1.6913884 1.6762559 1.6968696 1.6827592 1.6741855 1.6742166 1.6835515 1.6526487 1.6323290 1.6227452 1.6494779 1.5257981 1.6658140 1.6765413 1.6393838 1.7835843 1.8046508 1.8334140 1.6244985 1.5713404 1.5537841 1.5714301 1.5273190 1.6930699 1.7260217 2.3234704 1.9947783 2.0306908 2.1694152 2.0529770 2.0615210 2.0449346 2.2785366 
XP_018484364.1|Raphanus_sativus                     0.2297825 0.2302661 0.2317011 0.2311816 0.2201426 0.0759978 0.0908944 0.0906943 0.0000000 0.2050219 0.5590685 0.8396531 0.8286987 0.8127409 0.8067886 0.8287304 0.7781197 0.9705119 0.8357458 0.8307462 0.7682777 0.7792041 0.7770526 0.7550358 0.7218763 0.9297567 0.9550279 0.8972641 0.7391354 0.7777413 0.7795740 0.7949842 0.7711781 0.7776933 0.7749733 0.7772202 0.7418288 0.7451181 0.7409300 0.7730735 0.7806925 0.7806925 0.7855556 0.7760319 0.7696227 0.7794153 0.7553464 0.7721974 0.8031249 0.8085458 0.8400908 0.8014011 0.7818793 0.8396923 0.9560592 0.8691150 0.8953878 1.0680921 1.0734593 0.9422811 0.9305474 0.9736529 0.9383879 0.9542568 0.9682622 0.9752660 0.9410329 1.0310509 1.0213408 1.0302161 1.0291676 1.1182918 1.1260682 1.1490068 1.1499573 1.1360600 1.1378219 1.1397178 1.1802539 1.1617714 1.1235801 1.0788988 1.0350424 1.2646436 1.2282094 1.3741566 1.3571306 1.2800012 1.4172030 1.3000326 1.3203490 1.4350553 1.4008670 1.4227122 1.4241742 1.4128148 1.7403345 1.7367526 1.7288185 1.7135684 1.7430911 1.7013472 1.7033097 1.6927898 1.7235416 1.6854679 1.6809431 1.6232555 1.6284481 1.5195349 1.6429194 1.6505226 1.6093282 1.7601212 1.7921592 1.8186034 1.5849101 1.5072690 1.4851721 1.5086184 1.4663688 1.7115550 1.7691321 2.2581739 1.9718928 2.0071288 2.1452551 2.0448080 2.1010136 2.0942587 2.3319939 
XP_006410503.2|Eutrema_salsugineum                  0.2216083 0.2103025 0.2141285 0.2164856 0.2075261 0.1930238 0.1977736 0.1989692 0.2050219 0.0000000 0.5207265 0.8229732 0.8095419 0.8034510 0.7972647 0.8197195 0.8031431 0.9926527 0.8333546 0.8084497 0.8006058 0.8013522 0.8058079 0.7627141 0.7408856 0.9034873 0.9084106 0.8625333 0.7561503 0.7368194 0.7779841 0.7934532 0.7706462 0.7736989 0.7626150 0.7714957 0.7532775 0.7528604 0.7728946 0.8050589 0.8129768 0.8129768 0.8158655 0.8152899 0.8036871 0.8202673 0.7521777 0.7734576 0.7993951 0.8048640 0.8576140 0.8132880 0.8092895 0.8392134 0.9374026 0.8847577 0.8738671 1.0858531 1.0883818 1.0126232 0.9846159 0.9988881 0.9681021 0.9816818 0.9358137 0.9388478 1.0082546 1.0888700 1.0315218 1.0237255 1.0430716 1.1228614 1.1143923 1.1209350 1.1743286 1.1560094 1.1481709 1.1423825 1.1270627 1.0974691 1.1359052 1.0920042 1.0764612 1.2564218 1.2421572 1.3325218 1.3458786 1.3041096 1.4161770 1.2940495 1.3355532 1.4088665 1.4016921 1.4198347 1.4154362 1.4105799 1.7729788 1.7130464 1.7327932 1.7311015 1.7429660 1.7195195 1.7066028 1.7112337 1.7502668 1.7151441 1.7208274 1.6483650 1.7058250 1.5640987 1.6195140 1.6568352 1.6415291 1.7523612 1.7855639 1.8013008 1.6493711 1.5641322 1.5334215 1.5589635 1.5451487 1.7914951 1.7916141 2.3623057 1.9145584 1.9324977 2.0303264 1.9756437 2.0744000 2.0794611 2.3157390 
XP_010523260.1|Tarenaya_hassleriana                 0.5596305 0.5736404 0.6379360 0.6346112 0.5805183 0.5353121 0.5347952 0.5363455 0.5590685 0.5207265 0.0000000 0.8732610 0.8921668 0.8497291 0.8445092 0.8515848 0.8608128 1.1804473 0.8806819 0.8209458 0.8413355 0.8241409 0.8254178 0.8400396 0.8207200 0.9334549 1.0339083 0.9845858 0.8831165 0.7714332 0.8426397 0.8443896 0.8310092 0.8359162 0.9544134 0.8298539 0.7999568 0.8145253 0.8058072 0.7979630 0.7991501 0.7991501 0.8005911 0.8061536 0.8025612 0.8021365 0.8720915 0.8460324 0.9307143 0.9319097 0.9301812 0.8547684 0.9002624 0.8962191 1.0095899 0.9266448 0.9442926 1.0847029 1.0948953 0.9332164 0.9620416 1.0136681 0.9529530 0.9726994 0.9527180 0.9534413 1.0116667 1.0864316 1.0784595 1.0448792 1.1573713 1.2771094 1.1648486 1.1873145 1.1917814 1.1785111 1.2039171 1.2217249 1.2006071 1.1818068 1.2424571 1.2634755 1.1692544 1.3476701 1.3042549 1.3592675 1.4881659 1.2829028 1.3794199 1.3623854 1.3863140 1.5773440 1.4906783 1.4603697 1.4627461 1.4680707 1.7624229 1.7771290 1.7843746 1.7696164 1.7918477 1.8081841 1.8091817 1.7983980 1.8021490 1.7633579 1.8016695 1.6406878 1.7265483 1.6178123 1.7275703 1.8023777 1.7933310 1.9493362 1.9620472 1.9419954 1.7572792 1.5733142 1.5513788 1.5414536 1.5686304 1.8281613 1.8889686 2.3216773 2.2197379 2.2376134 2.2161744 2.2022265 2.0936049 2.2045122 2.2934928 
XP_029126859.1|Cajanus_cajan                        0.8454841 0.8795590 0.8939798 0.8587099 0.8627675 0.8681346 0.8524693 0.8504424 0.8396531 0.8229732 0.8732610 0.0000000 0.2058252 0.2731590 0.2612204 0.2686227 0.3774283 0.6073323 0.7839019 0.6531207 0.6632737 0.6515151 0.6452783 0.6730250 0.6606454 0.7855697 0.9103435 0.8751820 0.7100867 0.6942080 0.7023924 0.7068296 0.7058443 0.7069629 0.7377766 0.7464295 0.7464612 0.7416853 0.7118800 0.7757490 0.7705431 0.7705431 0.7854324 0.7669133 0.7723117 0.7881164 0.8106960 0.7921493 0.7063667 0.7050344 0.7539699 0.7763665 0.7838035 0.7835440 0.8031719 0.8478321 0.8343556 0.9960644 1.0045217 0.8836753 0.8820608 0.8835082 0.8680554 0.8629185 0.9904977 0.9990050 1.0151677 1.0344319 0.9876383 0.9622543 1.0099731 1.0766114 1.0541640 1.0749892 1.0780734 1.0192943 1.0924352 1.0833106 1.0881645 1.1000706 1.0653940 1.0563852 1.0090251 1.2343935 1.1842214 1.2924282 1.3648536 1.3307273 1.4257042 1.3842188 1.4320891 1.3707924 1.3157279 1.3076079 1.3038161 1.3089801 1.7636671 1.5918417 1.6160267 1.6089610 1.6350808 1.6146195 1.6155215 1.6180922 1.5604716 1.5442995 1.5082955 1.4506654 1.6281274 1.5238503 1.6686498 1.6024960 1.6016259 1.7730454 1.7878112 1.7906270 1.6508154 1.4496894 1.4164033 1.4423698 1.3761966 1.7115780 1.6782696 2.1867803 2.1537200 2.1365338 2.1325468 2.1788937 2.0170475 2.0992603 2.3293611 
TKY57014.1|Spatholobus_suberectus                   0.8221115 0.8576973 0.8730591 0.8355898 0.8619558 0.8558506 0.8428291 0.8497205 0.8286987 0.8095419 0.8921668 0.2058252 0.0000000 0.2463932 0.2368281 0.2421449 0.3679643 0.6006490 0.7096424 0.6427216 0.6205224 0.6371450 0.6282226 0.6823439 0.6668420 0.7554175 0.8762517 0.8481077 0.6981579 0.6912505 0.7043829 0.7088217 0.7059535 0.7014514 0.7279245 0.7609593 0.7398411 0.7402465 0.7379092 0.7557367 0.7506673 0.7506673 0.7674072 0.7529347 0.7467200 0.7576512 0.7890315 0.7118424 0.7141198 0.7094475 0.7479208 0.7505985 0.7709336 0.7659903 0.7915263 0.8175141 0.8392045 0.9489440 0.9570628 0.8682526 0.8793747 0.8706536 0.8353419 0.8383011 0.9405246 0.9491343 0.9371168 0.9644444 0.9492716 0.9217984 0.9713087 0.9653139 0.9332965 0.9549774 0.9863359 0.9274702 0.9818784 0.9887241 0.9839467 0.9751374 0.9518691 0.9331785 0.9126581 1.1397066 1.1141917 1.2185183 1.3251067 1.2889473 1.3853032 1.2723741 1.3396860 1.3346074 1.3618364 1.3375995 1.3337503 1.3389679 1.7963092 1.6781759 1.6997150 1.6817195 1.7007598 1.6939067 1.7019139 1.6957562 1.6541552 1.6549085 1.6349663 1.5154192 1.6513413 1.5724126 1.7571521 1.6773326 1.6832036 1.7817083 1.7804027 1.8054733 1.6991949 1.4771905 1.4656892 1.4884607 1.4018849 1.6512675 1.7202444 2.1725671 2.1240300 2.1226795 2.1598066 2.2174094 2.0224775 2.0677696 2.2812981 
XP_017430370.1|Vigna_angularis                      0.8106129 0.8620760 0.8634495 0.8321701 0.8443963 0.8436252 0.8357794 0.8365685 0.8127409 0.8034510 0.8497291 0.2731590 0.2463932 0.0000000 0.0351470 0.0845325 0.3752210 0.6484515 0.7387436 0.6968369 0.6485817 0.6875956 0.6847163 0.6903173 0.6712407 0.8397624 0.9163748 0.9045153 0.7428203 0.7183064 0.7537840 0.7584094 0.7492537 0.7522106 0.7397891 0.7692984 0.7684372 0.7613304 0.7688123 0.7980632 0.7928514 0.7928514 0.8048934 0.7852647 0.7910113 0.8079806 0.8177453 0.7652500 0.7366782 0.7305604 0.8176515 0.7651462 0.7921533 0.7902832 0.8341298 0.8559850 0.8600870 1.0285311 1.0367320 0.9120077 0.9201320 0.9365424 0.9069428 0.9145681 1.0072338 1.0118059 0.9864664 1.0321492 1.0134372 0.9677405 1.0118078 1.0338168 1.0147607 1.0431599 1.0650434 1.0460866 1.0800055 1.0790022 1.0749381 1.0442850 1.0571505 1.0207962 0.9989914 1.2220058 1.1615755 1.2832545 1.3589053 1.3269609 1.4448273 1.3682301 1.4130544 1.3564978 1.3770481 1.3672475 1.3644984 1.3697271 1.8097620 1.5866432 1.6003021 1.5776238 1.6079863 1.6094496 1.6089529 1.6129358 1.5868660 1.5959253 1.5871835 1.4836303 1.6349384 1.5709542 1.6346991 1.7056272 1.6658079 1.7808001 1.7842997 1.8237380 1.6752250 1.4670410 1.4500287 1.4726185 1.3963914 1.6957971 1.7474821 2.2264562 2.1555445 2.1425597 2.1720722 2.2114286 2.0120610 2.1208695 2.2610770 
XP_014505078.1|Vigna_radiata_var_radiata            0.8060676 0.8543112 0.8574590 0.8307544 0.8441493 0.8396777 0.8317437 0.8325365 0.8067886 0.7972647 0.8445092 0.2612204 0.2368281 0.0351470 0.0000000 0.0742396 0.3829545 0.6434928 0.7369187 0.6883571 0.6402992 0.6709380 0.6681713 0.6883398 0.6692367 0.8246340 0.8883461 0.8841904 0.7252284 0.7136426 0.7485643 0.7531615 0.7440582 0.7469906 0.7282230 0.7540544 0.7522912 0.7456714 0.7557486 0.7742338 0.7776697 0.7776697 0.7896026 0.7701091 0.7757790 0.7926139 0.8042410 0.7571232 0.7220189 0.7159529 0.7871446 0.7700574 0.7883733 0.8079398 0.8310898 0.8424957 0.8542682 1.0155780 1.0237074 0.9026801 0.9073804 0.9213423 0.8939026 0.8997174 0.9796887 0.9758318 0.9898560 1.0434807 1.0247519 0.9739655 0.9885173 1.0207509 1.0067618 1.0349797 1.0582061 1.0347257 1.0697807 1.0718227 1.0592335 1.0223895 1.0483100 1.0027093 0.9935270 1.2127129 1.1542414 1.2763888 1.3459808 1.3238407 1.4400836 1.3662215 1.4059856 1.3401340 1.3535573 1.3301426 1.3273958 1.3325645 1.8194088 1.6035889 1.6154550 1.5904768 1.6164864 1.6203779 1.6198737 1.6239325 1.5951948 1.6043543 1.5955338 1.4927299 1.6492088 1.5527013 1.6500928 1.7257982 1.6825862 1.7915947 1.8093996 1.8364238 1.6890298 1.4856698 1.4722831 1.4897354 1.4181913 1.6922195 1.7175024 2.2258957 2.1605025 2.1474923 2.1794878 2.2204348 1.9652281 2.1199551 2.3153002 
XP_027940256.1|Vigna_unguiculata                    0.8195303 0.8701167 0.8753918 0.8443733 0.8575089 0.8503595 0.8346571 0.8343216 0.8287304 0.8197195 0.8515848 0.2686227 0.2421449 0.0845325 0.0742396 0.0000000 0.3713817 0.6287670 0.7239143 0.6502462 0.6121401 0.6376268 0.6364133 0.6591735 0.6356514 0.7910377 0.8793313 0.8471433 0.7220497 0.7009919 0.7248650 0.7294042 0.7203991 0.7232646 0.7172717 0.7576654 0.7467801 0.7440927 0.7491478 0.7669867 0.7618958 0.7618958 0.7737044 0.7529641 0.7569591 0.7751917 0.7923712 0.7533970 0.7009634 0.6949981 0.7812592 0.7560586 0.7748815 0.7826409 0.7964539 0.8408071 0.8262693 0.9822209 0.9901440 0.8741612 0.8825527 0.9073361 0.8742104 0.8737443 0.9637369 0.9775543 0.9644502 1.0085636 0.9815457 0.9201462 0.9876835 1.0018043 0.9877460 1.0154990 1.0241667 1.0138167 1.0325993 1.0280467 1.0481040 1.0158370 1.0296795 0.9763072 0.9684954 1.2107346 1.1207846 1.2392419 1.3320114 1.3061802 1.4121180 1.3591126 1.4055673 1.3454016 1.3284812 1.3145013 1.3117536 1.3169018 1.8012558 1.5864694 1.6001514 1.5731051 1.5956842 1.5999367 1.5994452 1.6033760 1.5979167 1.6086872 1.5940960 1.4841463 1.6404464 1.5796419 1.6177485 1.6779333 1.6240366 1.7397893 1.7469207 1.7733279 1.6949197 1.4393577 1.4283171 1.4522328 1.3680903 1.6659415 1.7256542 2.2462229 2.1713531 2.1582220 2.2196696 2.2558641 1.9336059 2.0858202 2.2897195 
XP_003616926.2|Medicago_truncatula                  0.8154574 0.8424860 0.8462590 0.8238611 0.8622932 0.8121070 0.8198501 0.8133624 0.7781197 0.8031431 0.8608128 0.3774283 0.3679643 0.3752210 0.3829545 0.3713817 0.0000000 0.6360968 0.7625412 0.7417814 0.6666888 0.6821231 0.6748594 0.6966336 0.6913763 0.8242781 0.9883477 0.9522688 0.7498973 0.7431299 0.7774891 0.7822275 0.7695213 0.7713244 0.7610367 0.7552758 0.7906675 0.7903064 0.7538356 0.8060681 0.8007658 0.8007658 0.8141582 0.7988015 0.7928575 0.8022330 0.8294804 0.7802958 0.7373533 0.7424523 0.7662489 0.8144042 0.8195222 0.8434718 0.9135679 0.8616238 0.9035427 1.0064941 1.0095941 0.8608819 0.8636117 0.8993324 0.8399733 0.8517736 0.9718442 0.9721316 0.9570312 1.0018339 0.9770128 0.9843563 0.9783583 1.0377845 1.0129373 1.0432295 1.0872125 1.0521089 1.0618061 1.0441741 1.0657334 1.0423168 1.0837920 1.0324658 0.9951372 1.2846727 1.1886394 1.2605524 1.3407578 1.3351616 1.4500709 1.3074985 1.3469147 1.4144721 1.2994184 1.2815408 1.2759777 1.2810899 1.7713384 1.5970760 1.6091094 1.5992498 1.6128546 1.6422488 1.6431637 1.6533385 1.6217838 1.6208058 1.5923458 1.5086172 1.6263445 1.6404179 1.7921890 1.6203719 1.6353821 1.7517618 1.7511662 1.7774607 1.6938447 1.4678335 1.4705325 1.4873091 1.4291447 1.7689337 1.7484146 2.2727527 2.2363838 2.2419224 2.2044751 2.1588919 1.9760429 2.0213072 2.2371892 
XP_003601388.3|Medicago_truncatula                  0.9533203 0.9905050 1.0835255 1.0404635 0.9667982 0.9916764 0.9737858 0.9850507 0.9705119 0.9926527 1.1804473 0.6073323 0.6006490 0.6484515 0.6434928 0.6287670 0.6360968 0.0000000 0.9229119 0.8700291 0.7937456 0.7939988 0.7740441 0.8558352 0.8410083 0.9222464 1.0025501 0.9584638 0.9525887 0.8394804 0.8874473 0.8921013 0.8777940 0.8814447 1.0103985 0.9615959 0.8635381 0.8975322 0.9329600 0.8752132 0.8741295 0.8741295 0.8812626 0.8700370 0.8648696 0.8600495 0.9677175 0.9025807 0.9153152 0.9089374 0.8977655 0.9504383 0.9496598 0.9474574 1.0348123 0.9396615 0.8953064 1.1964413 1.2196162 1.0269104 1.0477436 1.0932407 1.0604938 1.0538818 1.1257237 1.1291785 1.1697893 1.2139080 1.2228182 1.2151307 1.2764902 1.3642913 1.2296986 1.2316562 1.2430084 1.2297832 1.2605125 1.2638324 1.3228328 1.2452944 1.2735153 1.2067317 1.1769112 1.3519912 1.3114230 1.3892494 1.5536534 1.3705955 1.4945229 1.4310410 1.5541834 1.7232746 1.4958011 1.4843868 1.4816673 1.4870209 2.1118392 1.8279124 1.8473921 1.8447984 1.8441509 1.7882921 1.7903788 1.7991329 1.7926277 1.7272947 1.7198565 1.6123258 1.8083039 1.7184041 1.6976266 1.7294760 1.7782549 1.9337111 1.9245412 1.9435234 1.9196754 1.5997382 1.5830034 1.6145099 1.5581693 1.8790096 1.8322133 2.4871331 2.3243000 2.3376799 2.3496352 2.4686552 2.0543943 2.2950797 2.5252367 
XP_031404507.1|Punica_granatum                      0.8095023 0.8423071 0.8378057 0.8344983 0.8321720 0.8398926 0.8213088 0.8175331 0.8357458 0.8333546 0.8806819 0.7839019 0.7096424 0.7387436 0.7369187 0.7239143 0.7625412 0.9229119 0.0000000 0.5840911 0.6383238 0.6616019 0.6746245 0.6753887 0.6617414 0.7724919 0.8114065 0.7833622 0.6623903 0.6756334 0.7276075 0.7347448 0.7147284 0.7123117 0.6927332 0.6626771 0.6268289 0.6247568 0.7403932 0.6997037 0.7010657 0.7010657 0.6952720 0.6874602 0.6695006 0.6970209 0.7272073 0.6980080 0.7101067 0.7142449 0.7662160 0.7552352 0.7562846 0.8058039 0.8422807 0.8116208 0.7805081 0.9889422 0.9952036 0.8916188 0.8753793 0.9233389 0.8901783 0.8654785 0.8897185 0.8719157 0.8444797 0.9177644 0.8767827 0.8942098 0.9085002 1.0473737 1.0101576 1.0589206 1.0263263 0.9826558 1.0217603 1.0225614 1.0327075 1.0347793 1.0194614 1.0236205 1.0144955 1.2421667 1.1990559 1.2014000 1.3307653 1.2706272 1.3823632 1.3141707 1.3190180 1.4309864 1.4204148 1.4500134 1.4498697 1.4550467 1.8699431 1.6478760 1.6721678 1.6665779 1.6596138 1.7075714 1.6935601 1.7293451 1.6137915 1.5981993 1.6410921 1.5742998 1.7140471 1.5388301 1.6757881 1.6124198 1.6570125 1.7930884 1.8265617 1.8355178 1.6748143 1.5318410 1.5138112 1.4957300 1.5080548 1.5903571 1.7451284 2.0555377 1.9763852 1.9883269 2.0517762 2.1171643 1.9347950 2.1649699 2.1619742 
XP_030514269.1|Rhodamnia_argentea                   0.8002562 0.8297324 0.8233082 0.8335315 0.8123915 0.8239916 0.8263631 0.8262250 0.8307462 0.8084497 0.8209458 0.6531207 0.6427216 0.6968369 0.6883571 0.6502462 0.7417814 0.8700291 0.5840911 0.0000000 0.6495254 0.6523213 0.6621999 0.6309349 0.6234331 0.7074688 0.7988301 0.7685969 0.6099212 0.6132445 0.6132925 0.6202954 0.6060489 0.6067018 0.7067876 0.6909072 0.6313779 0.6337261 0.6573141 0.6924612 0.6916630 0.6916630 0.6927689 0.7018275 0.6800265 0.7022389 0.7222420 0.6733094 0.6855993 0.6895110 0.7481957 0.7108651 0.7570372 0.7383136 0.7540643 0.7736728 0.7642909 0.9164051 0.9229117 0.8688083 0.8598371 0.9237451 0.8843110 0.8604151 0.8770475 0.9054024 0.8436373 0.9384767 0.9186507 0.8667974 0.9356292 0.9936488 0.9664804 0.9893658 0.9793419 0.9645877 0.9491285 0.9533363 0.9679223 0.9814005 0.9328211 1.0058780 0.9742002 1.0574811 1.0371535 1.0760938 1.1805208 1.1325389 1.2088212 1.1686093 1.1627820 1.2740814 1.4284341 1.4105020 1.4045636 1.4111754 1.7248750 1.6001798 1.6164265 1.5965346 1.6320633 1.6217907 1.6326543 1.6366396 1.5863291 1.5863246 1.5823707 1.5352888 1.5731845 1.5222804 1.6673330 1.5867719 1.6322795 1.7999499 1.7961045 1.8015568 1.6612565 1.4255087 1.4062495 1.4303957 1.4017302 1.7231398 1.7115045 2.1535030 2.0877458 2.1337489 2.1422839 2.1370324 1.8709578 2.1304652 2.3780237 
XP_042988561.1|Carya_illinoinensis                  0.8187385 0.8240012 0.8199592 0.8109382 0.8449725 0.7727538 0.7926445 0.7984257 0.7682777 0.8006058 0.8413355 0.6632737 0.6205224 0.6485817 0.6402992 0.6121401 0.6666888 0.7937456 0.6383238 0.6495254 0.0000000 0.1054448 0.1000073 0.3837963 0.3765060 0.4005921 0.7414376 0.7338115 0.6298767 0.6185359 0.6366401 0.6473819 0.6265016 0.6226970 0.5924369 0.5862440 0.5405305 0.5542009 0.6137226 0.6031194 0.5985608 0.5985608 0.6036706 0.6047653 0.5951338 0.6000144 0.6751544 0.6473857 0.6196269 0.6156336 0.6851139 0.6801745 0.7168892 0.7251300 0.7914568 0.7401934 0.7520160 0.9449805 0.9568286 0.8644265 0.8562201 0.8801430 0.8667446 0.8596753 0.8462390 0.8687097 0.8550818 0.9325940 0.9373198 0.9447422 0.9671862 1.0228821 0.9957371 1.0240040 1.0668547 1.0696613 1.0495408 1.0403898 1.0162827 1.0117642 1.0551978 1.0476299 1.0180411 1.2397822 1.1442842 1.1903982 1.2963728 1.2086579 1.3346342 1.2448558 1.2904132 1.4395901 1.2692483 1.2485156 1.2530318 1.2523231 1.6339915 1.5520729 1.5558077 1.5425854 1.5622326 1.5254493 1.5258896 1.5389073 1.5216376 1.5154534 1.4840442 1.4583630 1.5187126 1.5006696 1.5698912 1.4759267 1.5735676 1.6566228 1.6563256 1.6793946 1.5709459 1.4156363 1.4018471 1.3877630 1.3917124 1.6695607 1.6138645 2.0444083 2.2051137 2.2351896 2.2091533 2.2196103 1.9151215 1.9771761 2.1143430 
XP_041017675.1|Juglans_microcarpa_x_Juglans_regia   0.8244942 0.8186108 0.8166315 0.8069547 0.8436951 0.7879960 0.7984220 0.8042565 0.7792041 0.8013522 0.8241409 0.6515151 0.6371450 0.6875956 0.6709380 0.6376268 0.6821231 0.7939988 0.6616019 0.6523213 0.1054448 0.0000000 0.0415772 0.3984283 0.3902847 0.4255515 0.7796297 0.7516717 0.6271426 0.6278248 0.6525715 0.6634813 0.6429701 0.6404026 0.6104885 0.6163623 0.5464733 0.5649121 0.6237703 0.5972428 0.5926574 0.5926574 0.6004140 0.6071612 0.5880810 0.5981632 0.6810954 0.6589521 0.6179631 0.6167560 0.7046048 0.6824333 0.6950614 0.7486276 0.8059817 0.7541971 0.7755245 0.9665202 0.9785837 0.8515872 0.8318895 0.8556911 0.8523201 0.8504541 0.8648604 0.8791639 0.8668957 0.9579200 0.9236094 0.9644164 0.9430786 1.0105173 1.0048515 1.0261495 1.0198453 1.0296030 1.0216214 1.0112675 1.0175401 1.0075676 1.0269782 1.0297607 0.9857762 1.2218674 1.1377217 1.1824232 1.2582032 1.1864904 1.2935616 1.2118698 1.2706891 1.4351050 1.2244713 1.2169718 1.2175043 1.2206938 1.7063277 1.5554919 1.5516881 1.5489331 1.5580209 1.5451988 1.5337036 1.5589014 1.5239030 1.5355996 1.5040088 1.4826662 1.5697776 1.5332931 1.6310383 1.4970452 1.6193476 1.6994011 1.6978956 1.7182457 1.6224231 1.4478831 1.4365135 1.4195901 1.4330189 1.6594880 1.5951878 2.0331837 2.1299442 2.1589868 2.1467659 2.1417931 1.9793665 2.0040862 2.1847244 
XP_018843092.1|Juglans_regia                        0.8287771 0.8309214 0.8303525 0.8196228 0.8603089 0.7870760 0.8015560 0.8073808 0.7770526 0.8058079 0.8254178 0.6452783 0.6282226 0.6847163 0.6681713 0.6364133 0.6748594 0.7740441 0.6746245 0.6621999 0.1000073 0.0415772 0.0000000 0.3853390 0.3792695 0.4088067 0.7635297 0.7406609 0.6264305 0.6319302 0.6552563 0.6595241 0.6455561 0.6416496 0.6096041 0.6255414 0.5585735 0.5722318 0.6248781 0.5997798 0.5951878 0.5951878 0.6029497 0.6030991 0.5853933 0.5954590 0.6879960 0.6614299 0.6354904 0.6313911 0.7046325 0.6667885 0.6838906 0.7179245 0.7934662 0.7598368 0.7647859 0.9597631 0.9717755 0.8608240 0.8389194 0.8681656 0.8533392 0.8672874 0.8566841 0.8687757 0.8732099 0.9543815 0.9218828 0.9563035 0.9567327 1.0454351 1.0371948 1.0590537 1.0536915 1.0507690 1.0494159 1.0388334 1.0457846 1.0393324 1.0538574 1.0481657 1.0135318 1.2683087 1.1747691 1.2055432 1.3039444 1.2231327 1.3331835 1.2362047 1.2944470 1.4403675 1.2342565 1.2128282 1.2133558 1.2165472 1.6935567 1.5868672 1.5830594 1.5779071 1.6077118 1.5866803 1.5885166 1.6008601 1.5634028 1.5755494 1.5327448 1.4785552 1.5903769 1.5249922 1.6070293 1.5041285 1.6183441 1.7050578 1.7035360 1.7173349 1.6432989 1.4434915 1.4293645 1.4125158 1.4367589 1.6950758 1.6132878 2.0852533 2.1669795 2.1966079 2.1964046 2.1571613 2.0157522 1.9752620 2.2225522 
XP_030951100.1|Quercus_lobata                       0.8055551 0.8190847 0.8367383 0.8087960 0.7979886 0.7846277 0.7957577 0.7986314 0.7550358 0.7627141 0.8400396 0.6730250 0.6823439 0.6903173 0.6883398 0.6591735 0.6966336 0.8558352 0.6753887 0.6309349 0.3837963 0.3984283 0.3853390 0.0000000 0.0312301 0.5201034 0.7268350 0.6964660 0.5555172 0.5651285 0.5939518 0.6050337 0.5855715 0.5790209 0.5631489 0.5901660 0.5384943 0.5355292 0.6249641 0.5586019 0.5523000 0.5523000 0.5606097 0.5411093 0.5419056 0.5465522 0.6637116 0.6076517 0.6055294 0.5964874 0.7042542 0.6697988 0.6730356 0.6893167 0.7498899 0.7203733 0.6952626 0.9294584 0.9273243 0.8490189 0.8587006 0.9152307 0.8850522 0.8709359 0.8754703 0.8835419 0.8753964 0.9291065 0.9092951 0.9121548 1.0066651 1.0572689 1.0428158 1.0697971 1.0903757 1.0332587 1.0732763 1.0631173 1.0488430 1.0508505 1.0847128 1.0393198 1.0132449 1.3151935 1.2369960 1.2083716 1.3819495 1.3368237 1.3941020 1.3363133 1.3800904 1.4633978 1.3095076 1.3003739 1.3034982 1.3032689 1.6583204 1.5499590 1.5509935 1.5465753 1.5585915 1.5446630 1.5451031 1.5487356 1.5586850 1.5818155 1.5667175 1.5322531 1.5069956 1.4544382 1.5855202 1.5628652 1.5525951 1.6884994 1.7165607 1.7277832 1.5852683 1.4095598 1.4157767 1.4022898 1.3920823 1.7532517 1.4273790 2.2416839 2.1396086 2.1767786 2.1574618 2.1639879 1.8945487 2.1036917 2.1972378 
XP_023912979.1|Quercus_suber                        0.7751829 0.8001835 0.8177914 0.7885266 0.7734641 0.7508489 0.7653205 0.7681504 0.7218763 0.7408856 0.8207200 0.6606454 0.6668420 0.6712407 0.6692367 0.6356514 0.6913763 0.8410083 0.6617414 0.6234331 0.3765060 0.3902847 0.3792695 0.0312301 0.0000000 0.5122548 0.7050500 0.6682889 0.5281864 0.5363490 0.5725171 0.5833572 0.5642710 0.5578354 0.5460032 0.5712550 0.5173482 0.5085783 0.6157483 0.5460056 0.5454065 0.5454065 0.5480257 0.5342705 0.5350639 0.5396992 0.6521288 0.6102711 0.5899218 0.5809906 0.6873134 0.6736349 0.6668572 0.6812172 0.7380953 0.7114001 0.6973979 0.9109425 0.9088751 0.8559077 0.8691829 0.9184660 0.8930435 0.8832860 0.8687224 0.8710911 0.8692356 0.9320031 0.9059707 0.9056333 1.0030240 1.0368357 1.0208971 1.0473474 1.0783635 1.0088999 1.0553650 1.0453826 1.0278266 1.0324820 1.0614894 1.0222801 1.0054006 1.3086832 1.2324292 1.2035232 1.3601588 1.3243703 1.3846919 1.3305258 1.3874480 1.4531851 1.3078378 1.3040144 1.3071402 1.3078833 1.6578688 1.5744289 1.5767161 1.5722731 1.5854115 1.5757747 1.5762189 1.5800324 1.5694087 1.5770736 1.5587725 1.5221657 1.5134961 1.4431248 1.5726729 1.5683134 1.5560536 1.6795181 1.7074454 1.7186136 1.5990961 1.4201345 1.4259653 1.4182401 1.4072835 1.7600060 1.3876199 2.2059919 2.1523752 2.1897155 2.1471977 2.1862626 1.9214474 2.0912412 2.1963426 
XP_042991128.1|Carya_illinoinensis                  0.9452180 0.9683361 0.9732930 0.9528571 0.9789390 0.9157843 0.9164991 0.9222301 0.9297567 0.9034873 0.9334549 0.7855697 0.7554175 0.8397624 0.8246340 0.7910377 0.8242781 0.9222464 0.7724919 0.7074688 0.4005921 0.4255515 0.4088067 0.5201034 0.5122548 0.0000000 0.7885377 0.7579739 0.6399091 0.6567570 0.6734512 0.6805767 0.6637286 0.6566999 0.6887390 0.6931044 0.6310423 0.6282814 0.7111135 0.6538250 0.6551569 0.6551569 0.6547075 0.6547078 0.6450466 0.6469996 0.7034031 0.7344019 0.6715786 0.6708199 0.7403377 0.7824348 0.8097954 0.8215797 0.8533720 0.7605156 0.7440941 1.0473368 1.0602258 0.9349490 0.9212110 0.9933927 0.9394973 0.9165012 0.9382036 0.9483460 0.9744128 1.0577126 1.0456524 1.0534043 1.0335284 1.1476082 1.1189094 1.1532797 1.1235715 1.1542365 1.1061049 1.0892602 1.1259552 1.1253202 1.1257952 1.1669295 1.1213781 1.3009326 1.2438854 1.3951513 1.4107555 1.3206250 1.4483148 1.3895895 1.4493713 1.5233758 1.4832545 1.4633285 1.4669065 1.4675499 1.6241434 1.7026285 1.7080864 1.6811643 1.7647338 1.7688066 1.7707350 1.7772513 1.7194035 1.7244060 1.7019838 1.6166273 1.6197070 1.5702133 1.6245299 1.6175600 1.6632786 1.7521224 1.7500288 1.7505607 1.6404111 1.5595958 1.5522364 1.5676189 1.5392337 1.7745718 1.6740432 2.3071512 2.1808757 2.1924709 2.2769344 2.1326282 2.1459895 2.0013569 2.1985593 
XP_022718677.1|Durio_zibethinus                     0.9113857 0.9533727 0.9606918 0.9797003 0.9405530 0.9663936 0.9656974 0.9702409 0.9550279 0.9084106 1.0339083 0.9103435 0.8762517 0.9163748 0.8883461 0.8793313 0.9883477 1.0025501 0.8114065 0.7988301 0.7414376 0.7796297 0.7635297 0.7268350 0.7050500 0.7885377 0.0000000 0.2089928 0.4940974 0.4792132 0.4756579 0.4810677 0.4710108 0.4720392 0.8047524 0.7200389 0.6884814 0.7129899 0.7659445 0.7006857 0.6998551 0.6998551 0.6848099 0.6907879 0.6860562 0.6992037 0.6940900 0.7888800 0.7992152 0.8002980 0.8443689 0.8602004 0.8531322 0.8139573 0.8529731 0.7855430 0.7791971 1.1109759 1.1163777 1.0696268 1.0753605 1.1083546 1.0634635 1.0629385 1.0049783 1.0028604 0.9950958 1.0859969 1.0600080 0.9911452 1.1209959 1.1596341 1.1413786 1.1697338 1.1798423 1.1366776 1.1777096 1.1762878 1.1900814 1.1874682 1.2431272 1.2278606 1.2155862 1.4217962 1.3880348 1.4161729 1.4467545 1.4138480 1.4618623 1.4516872 1.4827506 1.5558964 1.3614846 1.3742902 1.3791631 1.3837113 1.8918293 1.8114897 1.8216420 1.8112623 1.8247016 1.8347827 1.8367525 1.8295680 1.7752942 1.7643736 1.7551960 1.6519908 1.7910965 1.6950431 1.7252454 1.7871571 1.7549316 1.8755477 1.9092562 1.9355680 1.7850532 1.6962212 1.6998031 1.6832816 1.6539705 1.8404889 1.8602028 2.2209076 2.0656589 2.1231178 2.1004116 2.1592977 2.2278501 2.1785777 2.3209311 
XP_007029832.2|Theobroma_cacao                      0.8277892 0.9278389 0.9245186 0.9272315 0.8776291 0.8807533 0.8955814 0.9064058 0.8972641 0.8625333 0.9845858 0.8751820 0.8481077 0.9045153 0.8841904 0.8471433 0.9522688 0.9584638 0.7833622 0.7685969 0.7338115 0.7516717 0.7406609 0.6964660 0.6682889 0.7579739 0.2089928 0.0000000 0.4689626 0.4637507 0.5052454 0.5163232 0.5032703 0.5043482 0.7765211 0.7456691 0.6564298 0.6870188 0.7388350 0.6983828 0.6975612 0.6975612 0.6948879 0.6930189 0.6833101 0.6949530 0.7035249 0.7764335 0.7656186 0.7711383 0.8387548 0.8321572 0.8339726 0.8249746 0.8395000 0.7496333 0.7663344 1.1125852 1.1265283 1.0558771 1.0091341 1.0632098 1.0331309 1.0271269 1.0157981 1.0082795 0.9365032 1.0422737 1.0404218 0.9734021 1.0948708 1.1734583 1.1758399 1.1974555 1.1583818 1.1034172 1.1457451 1.1448149 1.2294014 1.2178394 1.2432994 1.2328139 1.2264967 1.3338274 1.3490869 1.4214807 1.4820973 1.4373150 1.5732941 1.4488828 1.5056691 1.6217668 1.3754702 1.3704179 1.3752901 1.3815143 1.8316346 1.7358808 1.7424608 1.7303723 1.7256777 1.7659495 1.7678329 1.7607788 1.6797252 1.6609578 1.6561727 1.5995590 1.7567428 1.5702620 1.6420096 1.6484598 1.6615376 1.7720756 1.7917275 1.8154881 1.7556461 1.6115708 1.6125996 1.6362773 1.6153320 1.7651815 1.7460756 2.1827618 1.9912308 2.0381639 2.0320959 2.1566298 2.1008637 2.1459897 2.2156771 
XP_022718676.1|Durio_zibethinus                     0.7344176 0.7945636 0.8786616 0.8919413 0.7667752 0.7758044 0.7477706 0.7562443 0.7391354 0.7561503 0.8831165 0.7100867 0.6981579 0.7428203 0.7252284 0.7220497 0.7498973 0.9525887 0.6623903 0.6099212 0.6298767 0.6271426 0.6264305 0.5555172 0.5281864 0.6399091 0.4940974 0.4689626 0.0000000 0.1687083 0.1782338 0.1833745 0.1728635 0.1733149 0.6271232 0.5841158 0.5664918 0.5743961 0.6526666 0.5777265 0.5771024 0.5771024 0.5687178 0.5623013 0.5669126 0.5718067 0.5839950 0.6393713 0.6349784 0.6368400 0.7052373 0.7577655 0.7407557 0.7279407 0.7770674 0.7084111 0.7080044 0.9531319 0.9520454 0.8895541 0.8692302 0.8922076 0.8704130 0.8800823 0.9155490 0.9158986 0.8109394 0.9385665 0.9186467 0.8816057 1.0387284 1.1040252 0.9726546 1.0043403 1.0319123 0.9830410 1.0119084 1.0282179 1.0347049 1.0324154 1.0747666 1.0355378 1.0225774 1.2982090 1.2244423 1.2597518 1.4350457 1.2679729 1.3254411 1.3268703 1.4100724 1.4780933 1.2786844 1.2839922 1.2846147 1.2877956 1.7168532 1.6220448 1.6280053 1.6277791 1.6806203 1.6810682 1.6829699 1.6824506 1.6477863 1.6330054 1.6449557 1.5169139 1.6024546 1.5271575 1.6156081 1.5763368 1.5970097 1.7343520 1.7336362 1.7577293 1.6864097 1.4462467 1.4216338 1.4277077 1.4852056 1.7725152 1.7008016 2.1789068 1.9991882 2.0424411 2.0990085 1.9802430 1.9978954 1.9841123 2.1524804 
