131
NP_180916.1|Arabidopsis_thaliana                    0.0000000 0.1367511 0.1317480 0.1322483 0.1077211 0.2001491 0.2058362 0.2012331 0.2248640 0.2116684 0.5524988 0.8497139 0.8521036 0.8371643 0.8274517 0.8515974 0.8271872 1.0106461 0.8404667 0.8274653 0.8163414 0.8371996 0.8380807 0.8249888 0.7987475 0.9222329 0.9321820 0.8585387 0.7337338 0.7029022 0.7522713 0.7599758 0.7428040 0.7473628 0.7852098 0.7931700 0.7931700 0.8022688 0.8031381 0.7955661 0.8029943 0.8010376 0.8300951 0.7709643 0.7659473 0.7760430 0.7963205 0.8238353 0.8032945 0.8083113 0.8551787 0.8051050 0.7926206 0.8762725 0.9755583 0.9346364 0.9292946 1.0842979 1.0907254 0.9582865 0.9460899 0.9740744 0.9162037 0.9404565 0.9428751 0.9493575 0.9386381 1.0928129 1.0402104 1.0266293 1.0423427 1.1999175 1.1831965 1.2109649 1.2144002 1.2205887 1.1988752 1.1840458 1.1965850 1.1675617 1.2102962 1.1584044 1.1256965 1.3539889 1.4020824 1.4196445 1.4646950 1.3773727 1.5384316 1.4028053 1.4366743 1.5202643 1.4631169 1.4409661 1.4329960 1.4245438 1.7960508 1.7964768 1.7908396 1.7740544 1.7895316 1.7788665 1.7745226 1.7736220 1.8250847 1.7650830 1.7757475 1.6187861 1.7241190 1.6067113 1.6268645 1.6627529 1.6698932 1.7603725 1.7814977 1.8084583 1.6361139 1.5720194 1.5725202 1.5783936 1.5384271 1.8243661 1.9412798 2.4039902 2.0326278 2.0872337 2.1696563 2.0586354 2.2399851 2.2556240 2.3426301 
XP_010413840.1|Camelina_sativa                      0.1367511 0.0000000 0.0377415 0.0537611 0.0967704 0.2290880 0.2285574 0.2257082 0.2246863 0.2010200 0.5757102 0.8794418 0.8630578 0.8814742 0.8637190 0.8951314 0.8626458 1.0135068 0.8671321 0.8437660 0.8289951 0.8393069 0.8489402 0.8368320 0.8226636 0.9526810 0.9797013 0.9514779 0.7903606 0.7694824 0.8104810 0.8185288 0.7894885 0.8020350 0.8176741 0.8189640 0.8189640 0.8298049 0.8341333 0.8231285 0.8281170 0.8188082 0.8458708 0.7736497 0.7699775 0.8087353 0.8575584 0.8539212 0.8040702 0.8145097 0.9058241 0.8597882 0.8486095 0.9567354 1.0367071 0.9586381 0.9413760 1.1316183 1.1393526 1.0158519 0.9967296 1.0186009 0.9819029 1.0063825 0.9943208 1.0121179 1.0346275 1.1630330 1.0839766 1.0833359 1.0964875 1.2300708 1.2147151 1.2291380 1.2666066 1.2514741 1.2585276 1.2459351 1.2290388 1.1982144 1.2288179 1.1727542 1.1319747 1.3372929 1.3719766 1.4082832 1.4367053 1.3641002 1.4962783 1.4128815 1.4379924 1.5097223 1.4730588 1.4917763 1.4880837 1.4798107 1.8600483 1.8064781 1.8100122 1.7831791 1.8251586 1.8064588 1.8020234 1.7989151 1.8610500 1.8011502 1.8167362 1.6873410 1.7135177 1.6472009 1.7001475 1.7557977 1.7183186 1.8281426 1.8570868 1.8801566 1.6746277 1.6382854 1.6386949 1.6599928 1.6106580 1.8727707 2.0390561 2.4119390 2.1034358 2.1448150 2.2386375 2.1462094 2.3846469 2.3132324 2.4188795 
XP_010469453.1|Camelina_sativa                      0.1317480 0.0377415 0.0000000 0.0943609 0.0957692 0.2192975 0.2208647 0.2180570 0.2259682 0.2041098 0.6274137 0.8820388 0.8693330 0.8710137 0.8550162 0.8884138 0.8695670 1.0870874 0.8697040 0.8450039 0.8390803 0.8531214 0.8645800 0.8413112 0.8271950 0.9554722 0.9795646 0.9449228 0.8877444 0.7692776 0.8168822 0.8248874 0.7970367 0.8059611 0.8067172 0.8079799 0.8079799 0.8228649 0.8259702 0.8153996 0.8200560 0.8983494 0.8494424 0.7843490 0.7848392 0.8005961 0.9268219 0.8528340 0.8812876 0.8981345 0.9108052 0.8508055 0.8355980 0.9403873 1.0224749 0.9647253 0.9539707 1.1316965 1.1394022 1.0042054 0.9850383 1.0056662 0.9672630 0.9915387 0.9753223 0.9976597 1.0297099 1.1601426 1.0952598 1.0987610 1.1769476 1.3560490 1.2287226 1.2480635 1.2868208 1.2741651 1.2772006 1.2648468 1.2387290 1.2199545 1.2409308 1.1886975 1.1460024 1.3603189 1.4069576 1.4266012 1.5778326 1.3791337 1.5139859 1.4237244 1.4548272 1.5365827 1.4820134 1.4637087 1.4552452 1.4519817 1.8537266 1.7951859 1.8027443 1.7748778 1.8066027 1.7903832 1.7860045 1.7811384 1.8437801 1.7904337 1.7973876 1.7027036 1.7228204 1.6254900 1.7021354 1.7469997 1.7249923 1.8160137 1.8442238 1.8673622 1.6779330 1.6403036 1.6379383 1.6512327 1.6057151 1.8538941 2.0071212 2.4006478 2.0871637 2.1336396 2.2423228 2.1493026 2.3600480 2.2988811 2.3686076 
XP_010509863.1|Camelina_sativa                      0.1322483 0.0537611 0.0943609 0.0000000 0.1051756 0.2395136 0.2337658 0.2314472 0.2340082 0.2096017 0.6527155 0.8709280 0.8594300 0.8532309 0.8422027 0.8562457 0.8434412 1.0938337 0.8549876 0.8544507 0.8364859 0.8416327 0.8524823 0.8276618 0.8119545 0.9389414 0.9954967 0.9541671 0.9091680 0.7774337 0.8154483 0.8234640 0.7971421 0.8029279 0.8273926 0.8286898 0.8286898 0.8380483 0.8408542 0.8333062 0.8378220 0.9229396 0.8351884 0.7917489 0.7850634 0.8225615 0.9184043 0.8600252 0.9203875 0.9378725 0.9369183 0.8665612 0.8597590 0.9620871 1.0190115 0.9674950 0.9807530 1.1516323 1.1593824 0.9999712 0.9803410 1.0010010 0.9689164 0.9939456 0.9847400 1.0057288 1.0165012 1.1590891 1.0817016 1.0761013 1.1861174 1.3552882 1.1962728 1.2116248 1.2472023 1.2420467 1.2454625 1.2285141 1.2174414 1.1933960 1.2272148 1.1655689 1.1295111 1.3646407 1.4035047 1.4484524 1.5415572 1.3723598 1.5116846 1.4272962 1.4737631 1.5450918 1.4995009 1.4994783 1.4909355 1.4875715 1.8419347 1.8119771 1.8195534 1.7873986 1.8191532 1.8000908 1.7957104 1.7886720 1.8535376 1.7982086 1.8167680 1.7141165 1.7126767 1.6423017 1.7411158 1.7682062 1.7383310 1.8467687 1.8756569 1.9012128 1.7208467 1.6491168 1.6458986 1.6563388 1.5924700 1.8581400 2.0187657 2.3658562 2.0842833 2.1186518 2.1841124 2.1644662 2.3661260 2.2887018 2.3888550 
XP_006295585.1|Capsella_rubella                     0.1077211 0.0967704 0.0957692 0.1051756 0.0000000 0.2093129 0.2212959 0.2184974 0.2235613 0.2000918 0.5873982 0.8833952 0.8832736 0.8720593 0.8610040 0.8832993 0.9030870 0.9990405 0.8604628 0.8437958 0.8430822 0.8569238 0.8703043 0.8175488 0.7972588 0.9502754 0.9670634 0.9225978 0.7673960 0.7415159 0.7940258 0.8019025 0.7858835 0.7905985 0.8091144 0.8171315 0.8171315 0.8232094 0.8250427 0.8102172 0.8230682 0.8196276 0.8588533 0.7872350 0.7807164 0.7908530 0.8335550 0.8556241 0.7939364 0.8044739 0.8758252 0.8497097 0.8426609 0.9076840 1.0209083 0.9386456 0.9380352 1.1479916 1.1557392 1.0082017 0.9878363 1.0003961 0.9602764 0.9787065 0.9617720 0.9637903 0.9899191 1.1484346 1.0713579 1.0644827 1.0874136 1.2125042 1.1947737 1.2212773 1.2155398 1.2217034 1.2030462 1.1882018 1.1933851 1.1682532 1.2036842 1.1656639 1.1292564 1.3602265 1.3872826 1.3996814 1.4094572 1.3337692 1.4698731 1.3861331 1.4059269 1.5098452 1.4424185 1.4492917 1.4448527 1.4376162 1.8179872 1.7796756 1.7894633 1.7618787 1.7818718 1.7523782 1.7481321 1.7446502 1.7847481 1.7247484 1.7358244 1.6786479 1.6943893 1.6028308 1.6059703 1.6958700 1.6976166 1.8094202 1.8347246 1.8627267 1.6319805 1.5972411 1.5966999 1.6110249 1.5648581 1.8653585 1.9898097 2.3336356 2.0309171 2.0762749 2.1744427 2.0686636 2.2764421 2.2759732 2.3596519 
XP_013671298.1|Brassica_napus                       0.2001491 0.2290880 0.2192975 0.2395136 0.2093129 0.0000000 0.0572680 0.0505735 0.0780683 0.1924904 0.5551544 0.8976811 0.8824345 0.8666833 0.8563923 0.8794456 0.8330682 1.0526160 0.8684966 0.8548439 0.7721874 0.7999782 0.7951861 0.8100407 0.7798088 0.9077245 0.9801369 0.8975414 0.7921293 0.7903288 0.8033224 0.8191832 0.7960244 0.8008062 0.7989512 0.8069233 0.8069233 0.8080657 0.8132047 0.7997172 0.8096288 0.8009813 0.8352725 0.7892012 0.7943409 0.7805678 0.8197433 0.8292039 0.8373960 0.8434713 0.9041639 0.7970000 0.8031147 0.8776649 0.9488712 0.8721569 0.9175868 1.1083262 1.1157897 0.9661630 0.9484191 0.9900095 0.9480219 0.9667773 0.9505290 0.9599375 0.9523560 1.0617537 1.0001643 1.0057424 1.0517203 1.1665127 1.1545034 1.1953692 1.1641400 1.1850859 1.1602672 1.1570017 1.2016711 1.1757199 1.1535832 1.1007209 1.0699803 1.3257375 1.3279542 1.4039300 1.4103510 1.3347644 1.4911558 1.3811056 1.4175463 1.5024855 1.4627831 1.4389319 1.4402359 1.4353355 1.8863917 1.8051547 1.8035811 1.7810117 1.7812905 1.7684421 1.7690963 1.7623901 1.7854092 1.7502856 1.7483880 1.6695105 1.6948554 1.5935791 1.7550275 1.7343394 1.7061923 1.8428261 1.8799447 1.8956687 1.6602586 1.6362291 1.6065546 1.6423679 1.5914489 1.7994825 1.8053510 2.3917828 2.0456538 2.0940314 2.2393552 2.1451597 2.1839040 2.1595730 2.3766435 
XP_013662422.1|Brassica_napus                       0.2058362 0.2285574 0.2208647 0.2337658 0.2212959 0.0572680 0.0000000 0.0059425 0.0948762 0.2013629 0.5540549 0.8867988 0.8749496 0.8652510 0.8547984 0.8687118 0.8411779 1.0314672 0.8548705 0.8539062 0.8048924 0.8154421 0.8147504 0.8174729 0.7951674 0.9060259 0.9865938 0.9221548 0.7700274 0.7708224 0.7999120 0.8158289 0.7925920 0.7973882 0.8269168 0.8351041 0.8351041 0.8362465 0.8312865 0.8268087 0.8369307 0.8137575 0.8449421 0.7882433 0.8017000 0.7790113 0.7953348 0.8366676 0.8277823 0.8337906 0.8895903 0.7998568 0.7931357 0.8632472 0.9454385 0.8786888 0.9235212 1.1035957 1.1110405 0.9538435 0.9464215 1.0020470 0.9629393 0.9702122 0.9412599 0.9644275 0.9693955 1.0780873 1.0170496 1.0073695 1.0460225 1.1290115 1.1262161 1.1627652 1.1429832 1.1818782 1.1274316 1.1211757 1.1648417 1.1513075 1.1768458 1.1047576 1.0789634 1.2992168 1.3285395 1.3535598 1.4082715 1.3466705 1.5036244 1.3612734 1.4063548 1.5240311 1.4417623 1.4471586 1.4484756 1.4435284 1.8899114 1.7864615 1.7874999 1.7651394 1.7919436 1.7544643 1.7460176 1.7500066 1.7653688 1.7302684 1.7191513 1.6833983 1.7097099 1.5824521 1.7337729 1.7321170 1.7019388 1.8727315 1.8937255 1.9250138 1.6548964 1.6099454 1.5815122 1.6115480 1.5682773 1.7788017 1.7946375 2.4165080 2.0944102 2.1505765 2.2611910 2.1364261 2.2347706 2.1829602 2.3774192 
XP_009141328.1|Brassica_rapa                        0.2012331 0.2257082 0.2180570 0.2314472 0.2184974 0.0505735 0.0059425 0.0000000 0.0946615 0.2004940 0.5568153 0.8810235 0.8773660 0.8660493 0.8556046 0.8695105 0.8380584 1.0382517 0.8515933 0.8598253 0.7977204 0.8081442 0.8074652 0.8204036 0.7980671 0.9147366 0.9905686 0.9308406 0.7784403 0.7716750 0.8053377 0.8213170 0.7979837 0.8028023 0.8343836 0.8426218 0.8426218 0.8437626 0.8383307 0.8342712 0.8444453 0.8165747 0.8467089 0.7888184 0.8022365 0.7863145 0.8016702 0.8387436 0.8326381 0.8386735 0.8982753 0.7997044 0.7930042 0.8746806 0.9457990 0.8773910 0.9262889 1.0938571 1.1012317 0.9538435 0.9488198 1.0032810 0.9612822 0.9714870 0.9425655 0.9628004 0.9740583 1.0820944 1.0236380 1.0100880 1.0526343 1.1364161 1.1336462 1.1702925 1.1407831 1.1954332 1.1379354 1.1316780 1.1767055 1.1583309 1.1661267 1.0977925 1.0661545 1.3130802 1.3179072 1.3633286 1.4167856 1.3548286 1.5123605 1.3735824 1.4189026 1.5197657 1.4501125 1.4555755 1.4569013 1.4519232 1.9212386 1.7964930 1.7975407 1.7750250 1.7951044 1.7679874 1.7594780 1.7635253 1.7788822 1.7435332 1.7323444 1.6736878 1.6849817 1.5824521 1.7505464 1.7509941 1.7207798 1.8961177 1.9173619 1.9490777 1.6587947 1.6266119 1.6085789 1.6386032 1.5948336 1.7798159 1.7912988 2.4244242 2.1010794 2.1574040 2.2858193 2.1488404 2.2406586 2.1746989 2.3892391 
XP_018484364.1|Raphanus_sativus                     0.2248640 0.2246863 0.2259682 0.2340082 0.2235613 0.0780683 0.0948762 0.0946615 0.0000000 0.2037299 0.5734226 0.8698353 0.8511372 0.8372915 0.8250900 0.8564383 0.7944942 1.0253296 0.8637439 0.8555227 0.7800269 0.8034648 0.7973056 0.7776193 0.7480488 0.9201374 0.9649705 0.9111828 0.7544330 0.7842263 0.7714555 0.7870418 0.7628346 0.7662155 0.7896651 0.7975658 0.7975658 0.7990100 0.7928277 0.7893014 0.7994021 0.8000998 0.8314186 0.7734173 0.7779706 0.7754863 0.7937747 0.8183923 0.8244078 0.8301298 0.8753311 0.8052887 0.7922437 0.8742065 0.9684464 0.8820806 0.9264352 1.0893592 1.0967481 0.9521540 0.9425582 0.9929761 0.9490330 0.9707196 0.9641816 0.9754461 0.9427353 1.0404842 1.0176061 1.0293213 1.0535559 1.1471447 1.1504516 1.1774008 1.1925954 1.1856069 1.1708417 1.1658832 1.2188592 1.2093153 1.1506611 1.0804435 1.0570018 1.3176124 1.3244941 1.4125265 1.3914359 1.3378488 1.4802791 1.3717383 1.3953458 1.4950295 1.4556712 1.4547431 1.4560658 1.4510989 1.8511114 1.8404917 1.8389502 1.8163168 1.8472974 1.7898245 1.7927304 1.7853693 1.8235713 1.7804476 1.7859037 1.6823458 1.6647751 1.5805300 1.7474234 1.7313378 1.6993543 1.8687496 1.9073495 1.9311966 1.6216146 1.5749637 1.5521518 1.5880049 1.5404776 1.7977378 1.8275323 2.3216653 2.0598903 2.1146483 2.2497902 2.1389265 2.2640355 2.2182321 2.4301134 
XP_006410503.2|Eutrema_salsugineum                  0.2116684 0.2010200 0.2041098 0.2096017 0.2000918 0.1924904 0.2013629 0.2004940 0.2037299 0.0000000 0.5183458 0.8299209 0.8156137 0.8182197 0.8024908 0.8336453 0.8312525 1.0261071 0.8429631 0.8247549 0.8006389 0.8052343 0.8100512 0.8012572 0.7782400 0.8951654 0.9169111 0.8793236 0.7613609 0.7435340 0.7783911 0.7941649 0.7707817 0.7738973 0.8087144 0.8168529 0.8168529 0.8196625 0.8190702 0.8094774 0.8291426 0.7696837 0.7958332 0.7592199 0.7572008 0.7757745 0.7741305 0.7981438 0.8148006 0.8204556 0.8685346 0.8074225 0.8018620 0.8538893 0.9395105 0.8905666 0.8848984 1.1234854 1.1311416 1.0121773 0.9925874 1.0135016 0.9770391 0.9926077 0.9500469 0.9597806 1.0156784 1.0988292 1.0273031 1.0378644 1.0765453 1.1347894 1.1270272 1.1391399 1.1964221 1.1802758 1.1604945 1.1464104 1.1596296 1.1043651 1.1416018 1.0788929 1.0740634 1.3112631 1.3422200 1.3337957 1.3931878 1.3418515 1.4737208 1.3299722 1.3724243 1.4786511 1.4191288 1.4508697 1.4463853 1.4390709 1.8237115 1.7969314 1.8238477 1.8123530 1.8181526 1.7907084 1.7769634 1.7854336 1.8229468 1.7840981 1.8078333 1.6844180 1.7590631 1.6164254 1.7058932 1.7151698 1.7170947 1.8324462 1.8669116 1.8826368 1.6737576 1.6113474 1.5810064 1.6194299 1.5948845 1.8766772 1.8517373 2.4006079 1.9875226 2.0231345 2.1286171 2.0365352 2.2505039 2.2115354 2.3570278 
XP_010523260.1|Tarenaya_hassleriana                 0.5524988 0.5757102 0.6274137 0.6527155 0.5873982 0.5551544 0.5540549 0.5568153 0.5734226 0.5183458 0.0000000 0.8787144 0.8877213 0.8608673 0.8512668 0.8660146 0.8856028 1.1992867 0.8803635 0.8555084 0.8379905 0.8149760 0.8161703 0.8405203 0.8223080 0.9354979 1.0291848 0.9993975 0.8825234 0.7747740 0.8340185 0.8357744 0.8205970 0.8256976 0.7974322 0.7986567 0.7986567 0.8008558 0.8055173 0.8071779 0.8067534 0.9638329 0.8478563 0.8038560 0.8127238 0.8231813 0.8519537 0.8648104 0.8990774 0.9095196 0.9282011 0.8540897 0.8786806 0.9061015 1.0327642 0.9070156 0.9496074 1.1252946 1.1373018 0.9563879 0.9762091 1.0346571 0.9741686 0.9845810 0.9647213 0.9646672 1.0491894 1.1213706 1.1068546 1.0739167 1.1947086 1.2586491 1.1700982 1.2025080 1.2156436 1.1821896 1.2016543 1.2097760 1.2327780 1.2024758 1.2316464 1.2632214 1.1736338 1.3658587 1.3525884 1.4094383 1.5255529 1.3664818 1.4546311 1.4078608 1.4169046 1.6712865 1.4884488 1.4655190 1.4682277 1.4735973 1.8183145 1.8287002 1.8378288 1.8026805 1.8420495 1.8580112 1.8590499 1.8512163 1.8654048 1.8094872 1.8583125 1.6973555 1.7509056 1.6992939 1.8365403 1.8006192 1.8253600 1.9816517 2.0036245 1.9741231 1.8043686 1.6151189 1.5919582 1.5769765 1.5676352 1.8882462 1.9704515 2.4041134 2.2905619 2.3305449 2.3298558 2.3221612 2.3327544 2.3269366 2.3762786 
XP_029126859.1|Cajanus_cajan                        0.8497139 0.8794418 0.8820388 0.8709280 0.8833952 0.8976811 0.8867988 0.8810235 0.8698353 0.8299209 0.8787144 0.0000000 0.2069658 0.2718985 0.2599311 0.2673194 0.3788969 0.5913221 0.8237454 0.6791605 0.6782215 0.6607035 0.6542378 0.6912752 0.6782415 0.7838454 0.9094434 0.9023015 0.7122911 0.7060070 0.7186667 0.7232427 0.7189773 0.7202613 0.7774733 0.7721458 0.7721458 0.7872979 0.7684371 0.7771476 0.7933038 0.7680473 0.7674482 0.7779968 0.7676094 0.7530898 0.8165873 0.8074617 0.7392035 0.7378738 0.7740747 0.7846864 0.8044921 0.7926440 0.8369224 0.8685099 0.8588785 1.0298218 1.0367113 0.8909688 0.9148907 0.9184267 0.9022218 0.8957037 1.0019800 1.0174649 1.0401557 1.0805502 1.0151761 0.9978670 1.0276181 1.0716710 1.0580172 1.0832596 1.1050411 1.0463844 1.1146738 1.1019047 1.1388376 1.1435801 1.1033149 1.0849394 1.0440390 1.2814120 1.2351852 1.3432691 1.4181673 1.3619954 1.4885433 1.4153042 1.4590249 1.4560594 1.3417063 1.3577025 1.3539114 1.3526293 1.9113240 1.6640034 1.6898259 1.6660272 1.6877330 1.6828750 1.6837674 1.6845044 1.6545152 1.6364276 1.5978471 1.5154878 1.7177843 1.6206053 1.7763895 1.6715888 1.6955176 1.8703024 1.8803591 1.8893486 1.7328526 1.5126909 1.4783621 1.5211755 1.4239895 1.7794956 1.7357180 2.3349582 2.2746341 2.2746327 2.2764431 2.3570990 2.1047071 2.2870805 2.5131736 
TKY57014.1|Spatholobus_suberectus                   0.8521036 0.8630578 0.8693330 0.8594300 0.8832736 0.8824345 0.8749496 0.8773660 0.8511372 0.8156137 0.8877213 0.2069658 0.0000000 0.2511177 0.2414635 0.2469741 0.3714644 0.6025755 0.7337351 0.6636232 0.6387553 0.6522511 0.6438799 0.6940659 0.6748029 0.7692715 0.8856363 0.8555064 0.6970342 0.7003466 0.7234553 0.7280676 0.7250530 0.7204506 0.7533601 0.7481884 0.7481884 0.7650454 0.7506269 0.7464960 0.7575237 0.7410712 0.7657654 0.7621008 0.7579385 0.7769114 0.7987065 0.7349759 0.7468651 0.7419313 0.7835287 0.7648993 0.8039149 0.7904449 0.8220911 0.8370699 0.8569204 0.9796787 0.9863419 0.8742225 0.9089771 0.9012747 0.8647834 0.8664992 0.9498797 0.9655539 0.9652181 1.0087948 0.9703623 0.9509654 1.0003213 0.9726675 0.9489742 0.9750005 1.0189200 0.9521132 1.0010924 1.0050199 1.0268320 1.0150673 1.0041047 0.9697469 0.9478004 1.1985781 1.1797731 1.2534703 1.3876400 1.3178581 1.4250435 1.3262331 1.3537088 1.4635005 1.4093233 1.3987068 1.3948313 1.3980183 1.9124233 1.7524543 1.7686167 1.7406516 1.7681183 1.7691035 1.7778193 1.7679824 1.7391193 1.7404519 1.7182530 1.5746599 1.7697200 1.6819038 1.8667932 1.7507957 1.7719800 1.8732578 1.8678820 1.9003734 1.7822645 1.5313322 1.5136549 1.5401524 1.4378823 1.7144281 1.8039335 2.3705263 2.2991025 2.3020607 2.3660945 2.3800650 2.0697335 2.2625636 2.4702311 
XP_017430370.1|Vigna_angularis                      0.8371643 0.8814742 0.8710137 0.8532309 0.8720593 0.8666833 0.8652510 0.8660493 0.8372915 0.8182197 0.8608673 0.2718985 0.2511177 0.0000000 0.0351774 0.0846737 0.3828527 0.6506979 0.7703762 0.7202131 0.6670417 0.7057182 0.7027386 0.6988852 0.6762574 0.8451527 0.9284681 0.9290487 0.7584423 0.7495803 0.7702076 0.7749945 0.7653892 0.7685069 0.7806257 0.7753979 0.7753979 0.7875049 0.7678656 0.7755676 0.7927589 0.7668025 0.7877498 0.8035466 0.7969297 0.8000947 0.8339091 0.7939347 0.7845618 0.7780793 0.8620117 0.7851699 0.8204190 0.8190917 0.8752133 0.8662940 0.8885581 1.0569154 1.0639486 0.9354237 0.9654348 0.9879751 0.9571056 0.9596389 1.0260164 1.0389565 1.0196561 1.0762143 1.0360003 1.0000523 1.0396519 1.0427646 1.0296370 1.0603382 1.0810075 1.0540202 1.0882955 1.0864104 1.1179777 1.1016057 1.1170924 1.0676305 1.0372857 1.2492457 1.2183357 1.3257746 1.4213352 1.3655795 1.4905399 1.4087825 1.4126547 1.4437099 1.4333451 1.4118796 1.4092160 1.4172593 1.9489248 1.6600207 1.6681523 1.6293466 1.6805981 1.6780070 1.6765744 1.6849355 1.6720520 1.6829217 1.6704515 1.5439861 1.7260038 1.6686468 1.7675287 1.7615294 1.7496393 1.8422885 1.8418066 1.8900994 1.7799649 1.5303594 1.5064214 1.5320917 1.4226410 1.7937610 1.8113146 2.4382749 2.3781081 2.3826652 2.3963808 2.3541752 2.0721974 2.3129040 2.3981000 
XP_014505078.1|Vigna_radiata_var_radiata            0.8274517 0.8637190 0.8550162 0.8422027 0.8610040 0.8563923 0.8547984 0.8556046 0.8250900 0.8024908 0.8512668 0.2599311 0.2414635 0.0351774 0.0000000 0.0743453 0.3910258 0.6416857 0.7656049 0.7036703 0.6577273 0.6895322 0.6866381 0.6933333 0.6707150 0.8140602 0.9016295 0.9145835 0.7436899 0.7394651 0.7605193 0.7640152 0.7557441 0.7588244 0.7568484 0.7603227 0.7603227 0.7723306 0.7528181 0.7604248 0.7774801 0.7533937 0.7696000 0.7830777 0.7770668 0.7825876 0.8201109 0.7837345 0.7613784 0.7549940 0.8278545 0.7828477 0.8133918 0.8292648 0.8700596 0.8504674 0.8825701 1.0424771 1.0494368 0.9212066 0.9476470 0.9673387 0.9276946 0.9284994 1.0016153 1.0034945 1.0190591 1.0817363 1.0461969 1.0053196 1.0259644 1.0268102 1.0178896 1.0483120 1.0761549 1.0393045 1.0717879 1.0729398 1.0929294 1.0701517 1.1039312 1.0457114 1.0309845 1.2378505 1.2068637 1.3061684 1.4026859 1.3569071 1.4820526 1.3987565 1.3984338 1.4178864 1.4223010 1.3887924 1.3861484 1.3893136 1.9542468 1.6592487 1.6673982 1.6256988 1.6839139 1.6796055 1.6781671 1.6865596 1.6765912 1.6862594 1.6751546 1.5366747 1.7322867 1.6550891 1.7725583 1.7747294 1.7630306 1.8558439 1.8702863 1.9054551 1.7792622 1.5499497 1.5295034 1.5498989 1.4366828 1.7814320 1.7811780 2.4190239 2.3521771 2.3566757 2.3729546 2.3695268 2.0121811 2.2968890 2.4259425 
XP_027940256.1|Vigna_unguiculata                    0.8515974 0.8951314 0.8884138 0.8562457 0.8832993 0.8794456 0.8687118 0.8695105 0.8564383 0.8336453 0.8660146 0.2673194 0.2469741 0.0846737 0.0743453 0.0000000 0.3804903 0.6311495 0.7470447 0.6751610 0.6254689 0.6494536 0.6484303 0.6676789 0.6405610 0.7812670 0.8914679 0.8733611 0.7348089 0.7291900 0.7401587 0.7448488 0.7354367 0.7384617 0.7597420 0.7545697 0.7545697 0.7665687 0.7456096 0.7516654 0.7701815 0.7449635 0.7730954 0.7824329 0.7797573 0.7820857 0.8078184 0.7880362 0.7502137 0.7438688 0.8218239 0.7734973 0.8022161 0.8120137 0.8381556 0.8547682 0.8534234 1.0031469 1.0098970 0.8917575 0.9190820 0.9506494 0.9153257 0.9097013 0.9780731 1.0015230 0.9982791 1.0505413 1.0018858 0.9505007 1.0135233 1.0094625 1.0014166 1.0314635 1.0489204 1.0246139 1.0425721 1.0373335 1.0841064 1.0664401 1.0872235 1.0216551 1.0099859 1.2421674 1.1764217 1.2843869 1.3928606 1.3465466 1.4604802 1.4071902 1.4188538 1.4375876 1.4007637 1.3858164 1.3831756 1.3863365 1.9213286 1.6594797 1.6676204 1.6245280 1.6662690 1.6586041 1.6572000 1.6653732 1.6743992 1.6871926 1.6699579 1.5445144 1.7475257 1.6842251 1.7442701 1.7443694 1.7192270 1.8139325 1.8164929 1.8509007 1.7974627 1.4988602 1.4817101 1.5085177 1.3938014 1.7585438 1.7899636 2.4381784 2.3829973 2.3875675 2.4247432 2.4111329 1.9770265 2.2779683 2.4105907 
XP_003616926.2|Medicago_truncatula                  0.8271872 0.8626458 0.8695670 0.8434412 0.9030870 0.8330682 0.8411779 0.8380584 0.7944942 0.8312525 0.8856028 0.3788969 0.3714644 0.3828527 0.3910258 0.3804903 0.0000000 0.6397784 0.7881370 0.7726323 0.6752122 0.6935320 0.6853280 0.7251690 0.7163233 0.8162683 1.0185140 0.9796725 0.7690970 0.7523433 0.7852066 0.7900481 0.7770158 0.7790505 0.7969365 0.7915814 0.7915814 0.8049815 0.7894793 0.7866936 0.7961023 0.7822837 0.7791033 0.8154462 0.8150028 0.7842738 0.8478899 0.7929699 0.7715999 0.7771466 0.8098407 0.8213492 0.8351947 0.8680371 0.9297106 0.8908777 0.9266883 1.0095532 1.0170953 0.8745338 0.8886942 0.9249110 0.8637689 0.8772716 0.9979760 0.9949645 0.9920596 1.0468063 0.9932051 1.0056881 1.0143273 1.0514674 1.0203052 1.0530378 1.1011188 1.0760462 1.0729230 1.0497206 1.0974913 1.0559330 1.0985918 1.0243354 0.9952062 1.3295535 1.2494373 1.2766907 1.3882072 1.3724266 1.4857379 1.3625920 1.3894208 1.5093433 1.3476472 1.3475266 1.3419414 1.3406995 1.9262058 1.6876293 1.7003164 1.6850362 1.7033172 1.7245591 1.7254851 1.7399082 1.7153382 1.7075373 1.6811996 1.5625355 1.7264734 1.7335526 1.9349906 1.7101771 1.7263292 1.8341338 1.8421822 1.8629050 1.7944339 1.5195760 1.5168099 1.5462188 1.4699695 1.8616010 1.7916873 2.4550454 2.4526702 2.4779468 2.4268523 2.3421399 2.0557508 2.2262171 2.2943637 
XP_003601388.3|Medicago_truncatula                  1.0106461 1.0135068 1.0870874 1.0938337 0.9990405 1.0526160 1.0314672 1.0382517 1.0253296 1.0261071 1.1992867 0.5913221 0.6025755 0.6506979 0.6416857 0.6311495 0.6397784 0.0000000 0.9523116 0.9084049 0.8495929 0.8357583 0.8213046 0.8899710 0.8763203 0.9374252 1.0215221 0.9954131 1.0063277 0.9001107 0.9240615 0.9289239 0.9138562 0.9140678 0.9414106 0.9353143 0.9353143 0.9503600 0.9360463 0.9301419 0.9249425 1.0198018 0.9791700 0.9220098 0.9383105 0.9612766 1.0052198 0.9543998 0.9696227 0.9707483 0.9261126 0.9744987 0.9841403 0.9980416 1.0918718 0.9766907 0.9145343 1.2765026 1.2971396 1.0490668 1.0772952 1.1362809 1.1109569 1.0998358 1.1694705 1.1834712 1.2049903 1.2703302 1.2735896 1.2503692 1.2996960 1.3652315 1.2883825 1.2854094 1.3205242 1.2737046 1.3113401 1.3108233 1.3586885 1.3288862 1.3331774 1.2477192 1.2181394 1.4007425 1.3813176 1.4644956 1.5499207 1.4596269 1.5874041 1.5405682 1.6145421 1.7783446 1.5426488 1.5403366 1.5375663 1.5408955 2.1956606 1.8702819 1.8850727 1.9014029 1.9144789 1.8760975 1.8792057 1.8831853 1.8729348 1.8120030 1.7776171 1.6843745 1.9047527 1.8205255 1.8221765 1.7788037 1.8441539 1.9903777 1.9776460 2.0009739 1.9330065 1.6626918 1.6457958 1.6765416 1.5557211 1.9886496 1.8963739 2.7084169 2.4809569 2.5321735 2.5673007 2.7125056 2.1956971 2.3741510 2.6152871 
XP_031404507.1|Punica_granatum                      0.8404667 0.8671321 0.8697040 0.8549876 0.8604628 0.8684966 0.8548705 0.8515933 0.8637439 0.8429631 0.8803635 0.8237454 0.7337351 0.7703762 0.7656049 0.7470447 0.7881370 0.9523116 0.0000000 0.5844210 0.6377456 0.6472424 0.6607499 0.6701260 0.6600266 0.7502555 0.8197814 0.7920915 0.6650472 0.6733660 0.7160002 0.7216377 0.7028375 0.7004484 0.7259675 0.7273352 0.7273352 0.7218114 0.7132936 0.6967807 0.7252521 0.6916557 0.6923951 0.6455591 0.6457528 0.7649941 0.7296248 0.7264197 0.7691659 0.7733983 0.7947074 0.7584891 0.7658577 0.8354666 0.8544636 0.8137747 0.8222969 0.9828569 0.9895077 0.8941080 0.8694103 0.9175492 0.8889732 0.8663504 0.9083978 0.8875091 0.8602328 0.9205580 0.8838502 0.9096322 0.9333194 1.0847156 1.0485404 1.1019868 1.0661625 1.0378541 1.0633113 1.0666084 1.0948056 1.0938230 1.0571848 1.0540015 1.0652012 1.3083119 1.2961137 1.2032140 1.3528656 1.3162121 1.4152545 1.3548333 1.3582723 1.5300343 1.4559890 1.4928266 1.4924563 1.5006628 1.9066217 1.7239572 1.7463092 1.7384263 1.7211225 1.7749488 1.7590955 1.8010252 1.6792724 1.6645092 1.7048240 1.6317017 1.7754410 1.6414224 1.7732481 1.6654183 1.7160557 1.8769097 1.9164531 1.9239707 1.7380823 1.5920031 1.5739595 1.5633036 1.5776505 1.6323182 1.8403455 2.1744761 2.1839536 2.2116670 2.2220645 2.2448612 2.0958069 2.3822241 2.3138077 
XP_030514269.1|Rhodamnia_argentea                   0.8274653 0.8437660 0.8450039 0.8544507 0.8437958 0.8548439 0.8539062 0.8598253 0.8555227 0.8247549 0.8555084 0.6791605 0.6636232 0.7202131 0.7036703 0.6751610 0.7726323 0.9084049 0.5844210 0.0000000 0.6563045 0.6547096 0.6651685 0.6431919 0.6361293 0.7066540 0.8153248 0.7766633 0.6166255 0.6313635 0.6346495 0.6419013 0.6271127 0.6278433 0.7116883 0.7107963 0.7107963 0.7084333 0.7190237 0.6965338 0.7212868 0.6990834 0.6943983 0.6440271 0.6499217 0.6804279 0.7319664 0.6947962 0.6950128 0.6967681 0.7709419 0.7081946 0.7619822 0.7687441 0.7542796 0.7896697 0.7928866 0.9383159 0.9482619 0.8783786 0.8878657 0.9458687 0.9109164 0.8818267 0.8730111 0.9233376 0.8802750 0.9694785 0.9369505 0.8773098 0.9569171 1.0181608 0.9932929 1.0155720 1.0120744 1.0021519 0.9776541 0.9779519 0.9972714 1.0086586 0.9564497 1.0182444 0.9998502 1.1378678 1.1300764 1.1415862 1.2061843 1.1974611 1.2564001 1.2307406 1.2233429 1.3811638 1.5039453 1.4958766 1.4891076 1.4962997 1.8297428 1.6989880 1.7145592 1.6836816 1.7122647 1.7103455 1.7220128 1.7293749 1.6859432 1.6760329 1.6858767 1.5868454 1.6540750 1.6457161 1.7618606 1.6667275 1.7220339 1.8952799 1.8896964 1.9036493 1.7307517 1.5024020 1.4818661 1.5238826 1.4842635 1.8473579 1.8042247 2.3403804 2.2692773 2.3374130 2.3087405 2.3198210 2.0114994 2.2741748 2.5340451 
XP_042988561.1|Carya_illinoinensis                  0.8163414 0.8289951 0.8390803 0.8364859 0.8430822 0.7721874 0.8048924 0.7977204 0.7800269 0.8006389 0.8379905 0.6782215 0.6387553 0.6670417 0.6577273 0.6254689 0.6752122 0.8495929 0.6377456 0.6563045 0.0000000 0.1040629 0.0986069 0.3849042 0.3759658 0.3944754 0.7533213 0.7734515 0.6442001 0.6241075 0.6415751 0.6525203 0.6311966 0.6273200 0.6058927 0.6012733 0.6012733 0.6051919 0.6071922 0.6005626 0.6050159 0.5834199 0.5948308 0.5668353 0.5822194 0.6371905 0.6713867 0.6607617 0.6194696 0.6153138 0.7053430 0.6983859 0.7406403 0.7327552 0.7903674 0.7404351 0.7659575 0.9585126 0.9559007 0.8580070 0.8785853 0.9082628 0.8863188 0.8781059 0.8711593 0.8950926 0.8926879 0.9555037 0.9622042 0.9625623 0.9860151 1.0430763 1.0220806 1.0518713 1.0938666 1.1243817 1.0773042 1.0598200 1.0558542 1.0421919 1.0803704 1.0744284 1.0471983 1.3102177 1.2299616 1.2239410 1.3168341 1.2532796 1.3797054 1.2986476 1.3430479 1.5149220 1.3047847 1.2989352 1.3037479 1.3026596 1.6478686 1.5924844 1.5956854 1.5797403 1.5894670 1.5552297 1.5555877 1.5692133 1.5607258 1.5447649 1.5276616 1.4958589 1.5129014 1.5740365 1.6803011 1.5332317 1.6305550 1.7024665 1.7084499 1.7254228 1.6037595 1.4976784 1.4829218 1.4755828 1.4692653 1.7422280 1.6241331 2.1976525 2.2373787 2.2853347 2.3019990 2.3397065 2.0844912 2.1144480 2.2016332 
XP_041017675.1|Juglans_microcarpa_x_Juglans_regia   0.8371996 0.8393069 0.8531214 0.8416327 0.8569238 0.7999782 0.8154421 0.8081442 0.8034648 0.8052343 0.8149760 0.6607035 0.6522511 0.7057182 0.6895322 0.6494536 0.6935320 0.8357583 0.6472424 0.6547096 0.1040629 0.0000000 0.0416303 0.3884904 0.3802681 0.4132086 0.7706598 0.7763536 0.6341730 0.6265371 0.6437186 0.6547233 0.6303103 0.6276671 0.5942381 0.5896111 0.5896111 0.5961442 0.6037109 0.5875678 0.5973439 0.5949741 0.6122272 0.5666669 0.5858743 0.6410721 0.6610806 0.6672275 0.6184464 0.6171521 0.7168036 0.6900729 0.7155243 0.7563966 0.7999203 0.7491365 0.7836943 0.9903076 0.9875645 0.8472270 0.8485218 0.8812810 0.8696127 0.8674515 0.8772363 0.9025660 0.9077129 0.9869308 0.9487569 0.9787427 0.9525101 1.0390352 1.0400227 1.0625749 1.0505601 1.0855500 1.0572132 1.0380951 1.0620004 1.0537314 1.0573250 1.0529718 1.0169244 1.2787903 1.1998597 1.2176303 1.2905356 1.2293569 1.3320775 1.2692686 1.3203567 1.5340980 1.2479019 1.2487005 1.2496540 1.2523172 1.7152740 1.6126997 1.6083766 1.6037498 1.6048370 1.5896322 1.5774759 1.6040573 1.5822538 1.5837927 1.5662611 1.5225964 1.5565116 1.5973481 1.7442997 1.5490065 1.6685927 1.7437662 1.7485768 1.7632781 1.6548798 1.5214550 1.5094580 1.4991655 1.5047390 1.7202443 1.6064041 2.1407213 2.1759658 2.2228429 2.2341862 2.2623667 2.1873892 2.1305182 2.2856424 
XP_018843092.1|Juglans_regia                        0.8380807 0.8489402 0.8645800 0.8524823 0.8703043 0.7951861 0.8147504 0.8074652 0.7973056 0.8100512 0.8161703 0.6542378 0.6438799 0.7027386 0.6866381 0.6484303 0.6853280 0.8213046 0.6607499 0.6651685 0.0986069 0.0416303 0.0000000 0.3776187 0.3713867 0.3964369 0.7591350 0.7699326 0.6339803 0.6311206 0.6526224 0.6569504 0.6390163 0.6350714 0.5971401 0.5924999 0.5924999 0.5990449 0.6000799 0.5853801 0.5950292 0.5940612 0.6230417 0.5792269 0.5945828 0.6428405 0.6706885 0.6714059 0.6337436 0.6294968 0.7173477 0.6743524 0.7029232 0.7242018 0.7871644 0.7531872 0.7734461 0.9797668 0.9770620 0.8564715 0.8560798 0.8944067 0.8707558 0.8851635 0.8709375 0.8924313 0.9152690 0.9826524 0.9474836 0.9711269 0.9671864 1.0751073 1.0733812 1.0964758 1.0871370 1.1092998 1.0877354 1.0682101 1.0914713 1.0854850 1.0853554 1.0719464 1.0456467 1.3260235 1.2389059 1.2368114 1.3367477 1.2680070 1.3814755 1.2924564 1.3429169 1.5384398 1.2613697 1.2492422 1.2501969 1.2528605 1.7014143 1.6461486 1.6417423 1.6339795 1.6559701 1.6320511 1.6346830 1.6469353 1.6229273 1.6244621 1.5962166 1.5172603 1.5790095 1.5916090 1.7172918 1.5542652 1.6659272 1.7484479 1.7532567 1.7603230 1.6751476 1.5167793 1.5019562 1.4917824 1.5089471 1.7606941 1.6208798 2.1963546 2.2117465 2.2593030 2.2829010 2.2795945 2.2232594 2.1057992 2.3256403 
XP_030951100.1|Quercus_lobata                       0.8249888 0.8368320 0.8413112 0.8276618 0.8175488 0.8100407 0.8174729 0.8204036 0.7776193 0.8012572 0.8405203 0.6912752 0.6940659 0.6988852 0.6933333 0.6676789 0.7251690 0.8899710 0.6701260 0.6431919 0.3849042 0.3884904 0.3776187 0.0000000 0.0312484 0.5495891 0.7454703 0.7186198 0.5702164 0.5878916 0.6162612 0.6278337 0.6075489 0.6007849 0.5623945 0.5559779 0.5559779 0.5643232 0.5446081 0.5483658 0.5545492 0.5445250 0.6080402 0.5488236 0.5459026 0.6230727 0.6560936 0.6170867 0.6242185 0.6148776 0.7141662 0.6743749 0.6704539 0.7057188 0.7551014 0.7231719 0.7125088 0.9750792 0.9799354 0.8717197 0.8932345 0.9565225 0.9253925 0.9073276 0.8996115 0.9304614 0.9087742 0.9760227 0.9460567 0.9408171 0.9799271 1.0959591 1.0799247 1.1068819 1.1380130 1.0684203 1.1065254 1.0878521 1.1186593 1.1106598 1.1284257 1.0654572 1.0549194 1.4293414 1.3387872 1.3426894 1.4437645 1.4220480 1.4912134 1.4192701 1.4488136 1.5621429 1.3815778 1.3857542 1.3892303 1.3885760 1.7353035 1.6487821 1.6552942 1.6387241 1.6452847 1.6427574 1.6431087 1.6421587 1.6299328 1.6554772 1.6395173 1.5770126 1.5786158 1.5658378 1.6655061 1.5944666 1.6164302 1.7355855 1.7621073 1.7771614 1.6455408 1.4649759 1.4715584 1.4665858 1.4330299 1.8181782 1.4629517 2.3480734 2.2139141 2.2708424 2.2862486 2.3083650 2.1387458 2.2727881 2.3299463 
XP_023912979.1|Quercus_suber                        0.7987475 0.8226636 0.8271950 0.8119545 0.7972588 0.7798088 0.7951674 0.7980671 0.7480488 0.7782400 0.8223080 0.6782415 0.6748029 0.6762574 0.6707150 0.6405610 0.7163233 0.8763203 0.6600266 0.6361293 0.3759658 0.3802681 0.3713867 0.0312484 0.0000000 0.5399153 0.7192802 0.6867613 0.5388678 0.5549171 0.5919698 0.6032425 0.5834412 0.5768275 0.5497326 0.5490508 0.5490508 0.5516739 0.5377374 0.5414883 0.5476444 0.5263397 0.5884713 0.5269249 0.5180731 0.6135646 0.6441447 0.6218951 0.6049592 0.5957547 0.6966723 0.6783884 0.6641257 0.6993965 0.7421550 0.7139124 0.7146824 0.9583514 0.9619121 0.8775761 0.9059821 0.9586062 0.9326269 0.9191951 0.8953635 0.9202196 0.9001455 0.9774178 0.9420945 0.9341928 0.9815111 1.0765819 1.0578543 1.0845766 1.1205693 1.0449455 1.0895304 1.0711556 1.0980408 1.0896620 1.1068969 1.0486817 1.0463210 1.4110399 1.3224232 1.3289961 1.4156241 1.3899751 1.4616994 1.4115009 1.4444800 1.5655032 1.3806654 1.3906998 1.3941913 1.3945705 1.7349935 1.6770617 1.6849451 1.6680666 1.6753023 1.6780437 1.6783927 1.6775149 1.6438004 1.6524204 1.6329632 1.5640564 1.5816319 1.5532157 1.6510106 1.6017914 1.6219459 1.7267224 1.7530998 1.7680811 1.6614508 1.4823026 1.4893286 1.4897120 1.4545391 1.8102658 1.4207396 2.3149108 2.2255612 2.2827438 2.2653376 2.3276249 2.1529947 2.2623731 2.3332670 
XP_042991128.1|Carya_illinoinensis                  0.9222329 0.9526810 0.9554722 0.9389414 0.9502754 0.9077245 0.9060259 0.9147366 0.9201374 0.8951654 0.9354979 0.7838454 0.7692715 0.8451527 0.8140602 0.7812670 0.8162683 0.9374252 0.7502555 0.7066540 0.3944754 0.4132086 0.3964369 0.5495891 0.5399153 0.0000000 0.7642813 0.7530212 0.6487286 0.6711840 0.6545772 0.6616304 0.6464431 0.6394615 0.6588217 0.6601344 0.6601344 0.6596333 0.6621757 0.6529974 0.6528102 0.6651644 0.6704918 0.6557712 0.6539825 0.7077833 0.6829389 0.7594426 0.6521111 0.6513093 0.7397180 0.7704382 0.8189644 0.8299963 0.8474701 0.7564321 0.7674521 1.0756389 1.0768728 0.9411997 0.9252007 0.9996128 0.9562330 0.9285680 0.9388441 0.9549135 1.0105183 1.0608118 1.0617917 1.0587581 1.0547002 1.1520724 1.1261065 1.1646269 1.1494989 1.1791150 1.1184652 1.0932876 1.1379695 1.1281368 1.1116806 1.1502171 1.1071220 1.3036947 1.2943219 1.4003598 1.4839172 1.3858845 1.5323064 1.3793272 1.4284196 1.5910994 1.4659953 1.4546744 1.4583838 1.4586716 1.7015704 1.7939269 1.8051358 1.7789516 1.8452804 1.8274303 1.8293998 1.8489286 1.8188347 1.8147160 1.7946988 1.6344380 1.6567474 1.6511913 1.6989635 1.6786747 1.7312269 1.8158764 1.8202268 1.8131313 1.6685645 1.5800304 1.5726913 1.5846531 1.5575308 1.8204716 1.7162150 2.2959433 2.2774204 2.3161162 2.3465143 2.2163901 2.2637082 2.1540114 2.3661887 
XP_022718677.1|Durio_zibethinus                     0.9321820 0.9797013 0.9795646 0.9954967 0.9670634 0.9801369 0.9865938 0.9905686 0.9649705 0.9169111 1.0291848 0.9094434 0.8856363 0.9284681 0.9016295 0.8914679 1.0185140 1.0215221 0.8197814 0.8153248 0.7533213 0.7706598 0.7591350 0.7454703 0.7192802 0.7642813 0.0000000 0.2133674 0.5044647 0.4932567 0.4929829 0.4987187 0.4880308 0.4865534 0.7304191 0.7294660 0.7294660 0.7137159 0.7201090 0.7159178 0.7301142 0.7971771 0.7281141 0.7115917 0.7345528 0.7667297 0.6848190 0.8006313 0.8289986 0.8301801 0.8390449 0.8709836 0.8739383 0.8466312 0.8372436 0.8077789 0.7911928 1.1521202 1.1602207 1.0979201 1.1175653 1.1786214 1.1304438 1.1273686 1.0316075 1.0290708 1.0029270 1.1109315 1.0980028 1.0133088 1.1085623 1.1961770 1.1728190 1.2072642 1.2133985 1.1447402 1.2078287 1.2078215 1.2674448 1.2448564 1.2864259 1.2635250 1.2592161 1.4864194 1.4747109 1.4607734 1.5047670 1.5072326 1.5382679 1.5190557 1.5512113 1.7289803 1.4103813 1.4289334 1.4342015 1.4284537 1.9288889 1.8950755 1.9058680 1.8805917 1.9098529 1.9255785 1.9276346 1.9236045 1.8698674 1.8464964 1.8502695 1.7341777 1.8524928 1.8124167 1.7657342 1.8439601 1.8479646 1.9924854 2.0241474 2.0586545 1.8329383 1.7685969 1.7641971 1.7669612 1.7048825 1.9197058 1.9563529 2.3682619 2.1957024 2.2561115 2.2046503 2.2908409 2.3391786 2.3681005 2.4022504 
XP_007029832.2|Theobroma_cacao                      0.8585387 0.9514779 0.9449228 0.9541671 0.9225978 0.8975414 0.9221548 0.9308406 0.9111828 0.8793236 0.9993975 0.9023015 0.8555064 0.9290487 0.9145835 0.8733611 0.9796725 0.9954131 0.7920915 0.7766633 0.7734515 0.7763536 0.7699326 0.7186198 0.6867613 0.7530212 0.2133674 0.0000000 0.4822752 0.4789508 0.5139482 0.5253201 0.5117703 0.5102808 0.7127146 0.7117963 0.7117963 0.7056482 0.7073852 0.6995592 0.7114954 0.7586918 0.7454358 0.6948690 0.7230368 0.7695493 0.7028502 0.7814372 0.7808706 0.7867142 0.8381753 0.8388361 0.8407448 0.8415660 0.8225596 0.7743446 0.7785981 1.1419576 1.1536680 1.0847518 1.0648798 1.1317236 1.1012477 1.0902064 1.0287207 1.0273716 0.9500562 1.0856317 1.0845793 1.0039789 1.1058403 1.2035620 1.1980238 1.2211376 1.2239187 1.1846631 1.2196851 1.2160123 1.3083024 1.2659718 1.2916845 1.2562395 1.2604076 1.4157842 1.4360543 1.4449385 1.5222957 1.5050559 1.6184194 1.5058468 1.5618718 1.7864372 1.4546235 1.4533767 1.4587692 1.4578232 1.9190276 1.8185552 1.8198071 1.7919248 1.8106585 1.8607639 1.8627383 1.8587602 1.7834198 1.7628803 1.7576777 1.6840982 1.8398685 1.6919091 1.7339884 1.7210622 1.7698539 1.9018068 1.9197471 1.9511330 1.8074805 1.7005794 1.6937824 1.7198803 1.6797900 1.8723614 1.8604107 2.3276004 2.1184910 2.1760799 2.1548767 2.2904644 2.2839000 2.3602024 2.3119240 
XP_022718676.1|Durio_zibethinus                     0.7337338 0.7903606 0.8877444 0.9091680 0.7673960 0.7921293 0.7700274 0.7784403 0.7544330 0.7613609 0.8825234 0.7122911 0.6970342 0.7584423 0.7436899 0.7348089 0.7690970 1.0063277 0.6650472 0.6166255 0.6442001 0.6341730 0.6339803 0.5702164 0.5388678 0.6487286 0.5044647 0.4822752 0.0000000 0.1693783 0.1765665 0.1817446 0.1711447 0.1716134 0.6105052 0.6097571 0.6097571 0.6045183 0.5922737 0.5998192 0.6050722 0.6592661 0.5981866 0.5892368 0.5989133 0.6705804 0.5804700 0.6575517 0.6470229 0.6495531 0.6969858 0.7563425 0.7401936 0.7431058 0.7743575 0.7056945 0.7191938 0.9875870 0.9879033 0.9222506 0.9165544 0.9441503 0.9222735 0.9308723 0.9393823 0.9330357 0.8418777 0.9715697 0.9583864 0.9089632 1.0548545 1.1467687 1.0055689 1.0425245 1.0565604 1.0082134 1.0191237 1.0324504 1.0960113 1.0856982 1.0927984 1.0535811 1.0579431 1.3671709 1.3189715 1.3041347 1.5100972 1.3212557 1.4043794 1.3810126 1.4114041 1.5457040 1.3334062 1.3563259 1.3574802 1.3600616 1.7603652 1.7060981 1.7199926 1.7189238 1.7658684 1.7646688 1.7674873 1.7656732 1.7384274 1.7227564 1.7276833 1.5722831 1.6572308 1.6358697 1.6822505 1.6132420 1.6662914 1.8193055 1.8164045 1.8460829 1.7256323 1.5101630 1.4762940 1.4897616 1.5072346 1.8563973 1.7524645 2.2351094 2.1281990 2.1868488 2.1970103 2.0764955 2.0928186 2.1564070 2.2963312 
