120
NP_566689.2|Arabidopsis_thaliana|CERK1              0.0000000 0.1315618 0.1326168 0.1395328 0.1358572 0.1973641 0.2018851 0.2124228 0.2055802 0.2053638 0.2416828 0.3008145 0.2767502 0.3380275 0.2959947 0.4874019 1.1276230 1.0903785 1.1178153 1.1299341 1.0816277 0.9546363 0.9771192 1.0408176 1.0356981 1.0314374 1.0364154 1.0321256 1.0781241 1.0857498 1.1176194 1.1131706 1.1346185 1.1734300 1.1291007 1.0413929 1.1314296 0.9974828 0.9227699 0.9134119 0.9038164 0.8555825 0.9061952 0.8733270 0.8691183 0.8905804 0.9797392 0.9856141 0.9635181 0.9634400 0.8684625 0.8329940 0.8379481 0.8484388 0.8443968 0.8330815 0.8458047 0.8515931 0.9066294 0.9066294 0.8757871 1.0471655 1.0819252 1.0143136 1.0450976 1.0425763 1.0313822 0.9470038 0.9482126 1.0026788 1.0168736 1.0847602 0.9817604 1.1437671 1.2169441 1.3016069 1.0236900 1.1224294 0.9829270 1.0218596 1.0928709 1.0967290 1.0810262 1.0960337 1.1082733 1.1556584 1.1219370 1.0638021 1.0901923 1.3407713 1.1173835 1.2839063 1.2947274 1.2791316 1.2516608 1.2906713 1.2893292 1.4151687 1.2413057 1.1733574 1.3048273 1.3164014 1.3254917 1.3545419 1.4435860 1.3322626 1.3850270 1.2178458 1.2203906 1.2566892 1.2131141 1.1699985 1.1809037 1.1402235 1.2456423 1.2456738 1.4262450 1.7588556 1.5331155 1.5372426 
XP_010510437.1|Camelina_sativa                      0.1315618 0.0000000 0.0304313 0.0265192 0.0809020 0.2129157 0.2173529 0.2277793 0.2247894 0.2020220 0.2318420 0.2714403 0.2517132 0.3201485 0.2827116 0.5539687 1.1413025 1.1096720 1.1141464 1.1073676 1.1151712 0.9946109 1.0256861 1.0623947 1.0883552 1.0839185 1.0760132 1.0669453 1.1238008 1.1213120 1.1580491 1.1358309 1.1501346 1.2061646 1.1451473 1.0816750 1.1411228 1.0389225 0.9837312 0.9674438 0.9752159 0.9237322 0.9524061 0.9078309 0.9416816 0.9676043 1.0563274 1.0548708 1.0192563 1.0153156 0.9463670 0.9195322 0.9261066 0.9402283 0.8921949 0.8804619 0.8877403 0.8812345 0.9312840 0.9312840 0.8982753 1.0960127 1.1345668 1.0867863 1.0815287 1.0817878 1.0917313 0.9844061 0.9813377 1.0393361 1.0699740 1.1497336 1.0365728 1.2068826 1.2120384 1.3834931 1.0834336 1.2137446 1.0585950 1.0436651 1.1383262 1.1568005 1.1133716 1.1251330 1.1478550 1.1974918 1.1927199 1.1402061 1.1296239 1.3158847 1.1258898 1.3167292 1.2789777 1.3116653 1.2599758 1.3433019 1.3005751 1.4085961 1.2418599 1.2344693 1.3507457 1.3504302 1.3936135 1.3751582 1.5035530 1.3848525 1.4301059 1.2567430 1.2461809 1.2992035 1.1930474 1.1606154 1.1660198 1.1138657 1.3172577 1.2822803 1.5266780 1.7448485 1.6052147 1.5369714 
XP_019092715.1|Camelina_sativa                      0.1326168 0.0304313 0.0000000 0.0225832 0.0768730 0.2210608 0.2195348 0.2287236 0.2229274 0.1956757 0.2402170 0.2825929 0.2634912 0.3291591 0.2773847 0.5625967 1.1520026 1.1093647 1.1184778 1.0996094 1.1124068 0.9964143 1.0275664 1.0842845 1.0964717 1.0919760 1.0839700 1.1026730 1.1377362 1.1370331 1.1515125 1.1337892 1.1501202 1.1990697 1.1420075 1.0993646 1.1561066 1.0288679 1.0068777 0.9900314 1.0013825 0.9244883 0.9408372 0.9192795 0.9299726 0.9560294 1.0517191 1.0532223 1.0430012 1.0574319 0.9339189 0.9065159 0.9130881 0.9108108 0.8920512 0.8803230 0.8875407 0.8810377 0.9337571 0.9337571 0.8987104 1.1120696 1.1466729 1.0975005 1.1029464 1.1008170 1.0928358 1.0089211 1.0015972 1.0592590 1.0802877 1.1573185 1.0383333 1.2141193 1.2226023 1.3636658 1.0755356 1.1990878 1.0869902 1.0405892 1.1357478 1.1442053 1.1318406 1.1437914 1.1893896 1.2309542 1.2068784 1.1339237 1.1267864 1.3025667 1.1405989 1.3390890 1.3122925 1.3287068 1.2764707 1.3613096 1.3263631 1.4378294 1.2657528 1.2445483 1.3406833 1.3412987 1.3600459 1.3854540 1.5125725 1.3877680 1.4289387 1.2987026 1.2876460 1.3364598 1.2329522 1.1986449 1.2044615 1.1454676 1.3326532 1.2827618 1.5588156 1.7428062 1.6157983 1.5184318 
XP_010488182.1|Camelina_sativa                      0.1395328 0.0265192 0.0225832 0.0000000 0.0847532 0.2240233 0.2167803 0.2284709 0.2255046 0.1997067 0.2482025 0.2884203 0.2655848 0.3381793 0.2936327 0.5664453 1.1560220 1.1196993 1.1224590 1.1030482 1.1212482 0.9897828 1.0187318 1.0736027 1.1024687 1.0979471 1.0898983 1.0980752 1.1322313 1.1297191 1.1484943 1.1288430 1.1352186 1.1996793 1.1520515 1.0915424 1.1444794 1.0342279 0.9904881 0.9739706 1.0065995 0.9299234 0.9440382 0.9029970 0.9493275 0.9755307 1.0678432 1.0686253 1.0614827 1.0499949 0.9417372 0.9073692 0.9139469 0.9385708 0.9030320 0.8911570 0.8984643 0.8958334 0.9348193 0.9348193 0.8995842 1.1012066 1.1510176 1.1085898 1.1030174 1.1008840 1.1011794 1.0087072 1.0056079 1.0635275 1.0770400 1.1687660 1.0467419 1.2117456 1.2234725 1.3772677 1.0858588 1.2161265 1.0683214 1.0436698 1.1315323 1.1463931 1.1334968 1.1454940 1.1772373 1.2256042 1.2066139 1.1364123 1.1278353 1.3343121 1.1478597 1.3410008 1.2966374 1.3347240 1.2822088 1.3661011 1.3352723 1.4430384 1.2715978 1.2480420 1.3538125 1.3529121 1.3853439 1.3986601 1.5069330 1.3878672 1.4310574 1.2965701 1.2855248 1.3376652 1.2310075 1.1984747 1.2042951 1.1272285 1.3291254 1.2802096 1.5374331 1.7520343 1.6313953 1.5582358 
XP_023641807.1|Capsella_rubella                     0.1358572 0.0809020 0.0768730 0.0847532 0.0000000 0.1933110 0.2078787 0.2071662 0.2035363 0.1911080 0.2392281 0.2940069 0.2644005 0.3243355 0.2703641 0.5741889 1.1543812 1.1277508 1.1487090 1.1423376 1.1145995 0.9959940 1.0258338 1.0734974 1.0660993 1.0617461 1.0699673 1.0822119 1.1523873 1.1498335 1.1669520 1.1289934 1.1433645 1.1825187 1.1327249 1.0860337 1.1424967 1.0238709 0.9714453 0.9630784 0.9827108 0.9074990 0.9487362 0.9071036 0.9236665 0.9659058 1.0466270 1.0474660 1.0864902 1.0801376 0.9449122 0.9425378 0.9491440 0.9685053 0.9052547 0.8933549 0.8903499 0.8838126 0.9216422 0.9216422 0.8862338 1.0997737 1.1261682 1.0847899 1.0990128 1.0947702 1.0968986 0.9538358 0.9507762 1.0176561 1.0627572 1.1534943 1.0283070 1.1895287 1.2000479 1.3293639 1.0618011 1.2091283 1.0410788 1.0152709 1.1029348 1.1636831 1.1108141 1.1267004 1.1525674 1.2074078 1.1682255 1.1333336 1.1421996 1.3244571 1.1041362 1.3439493 1.3367156 1.3546628 1.2955360 1.3591188 1.3401282 1.4797999 1.3072956 1.2692443 1.3548754 1.3305136 1.3646886 1.3594325 1.5027917 1.3522757 1.4368354 1.2757897 1.2649415 1.3047531 1.2012712 1.1757287 1.1777106 1.1347230 1.3285580 1.2790026 1.5303948 1.7463395 1.6029251 1.5759162 
XP_006406249.1|Eutrema_salsugineum                  0.1973641 0.2129157 0.2210608 0.2240233 0.1933110 0.0000000 0.2012609 0.1919193 0.1947460 0.1793036 0.2858473 0.3433664 0.3079735 0.3724203 0.3397027 0.5607483 1.1392126 1.1464012 1.1218485 1.1343277 1.1103077 1.0000491 1.0336699 1.0687392 1.0158098 1.0158098 1.0237782 1.0416963 1.0909245 1.0884695 1.1975897 1.1507288 1.1654273 1.1845460 1.1321043 1.0962325 1.1163926 1.0592223 0.9779612 0.9673527 0.9472780 0.8926765 0.8821592 0.9097346 0.9358154 0.9404137 1.0252679 1.0266349 1.0394858 1.0354397 0.9143098 0.8817349 0.8944250 0.8970866 0.9113624 0.8993395 0.9063943 0.9124828 0.8947449 0.8947449 0.8574878 1.0991642 1.1538894 1.0157800 1.0479143 1.0613566 1.0355189 0.9501685 0.9422368 0.9917338 1.0184779 1.1620736 0.9968321 1.1725552 1.2132716 1.2957877 1.0945548 1.1830886 1.0161779 1.0534286 1.1280291 1.1610843 1.1402557 1.1564538 1.0798852 1.1543677 1.1455042 1.1044227 1.0995072 1.2897491 1.1777646 1.3078474 1.3443581 1.3221263 1.3002785 1.3906393 1.3426114 1.5064562 1.2882585 1.2493940 1.3673551 1.3519629 1.3707235 1.3870592 1.4846058 1.3624751 1.4301009 1.2780272 1.2652340 1.3047727 1.2513619 1.2204891 1.2125073 1.1359579 1.3284296 1.2768732 1.3591125 1.6551254 1.6951946 1.6137395 
XP_013692606.1|Brassica_napus                       0.2018851 0.2173529 0.2195348 0.2167803 0.2078787 0.2012609 0.0000000 0.0473419 0.0412472 0.0851757 0.2716173 0.3340962 0.3010077 0.3696729 0.3161009 0.5815285 1.0607741 1.0547653 1.0661040 1.0700413 1.0795885 1.0143182 1.0360940 1.0619692 1.0909319 1.0864770 1.0904165 1.0891838 1.0842284 1.0685006 1.1344691 1.1334898 1.1579059 1.1711532 1.0871440 1.0028560 1.1080908 1.0142615 0.9693582 0.9473148 0.9294123 0.8598279 0.8950011 0.8748959 0.9171603 0.9222618 1.0430813 1.0423047 1.0195564 0.9910700 0.9199346 0.9052194 0.9118455 0.9199795 0.8883233 0.8843335 0.8942676 0.8916283 0.9140191 0.9140191 0.8951922 1.0452191 1.0702278 1.0459016 1.0225200 1.0302104 1.0719068 0.9425251 0.9259603 1.0278227 1.0196138 1.1353339 0.9846039 1.0909946 1.2027104 1.2701060 1.0830143 1.2713891 1.0053413 1.0142355 1.1501924 1.1179052 1.1469533 1.1632015 1.1205595 1.1812587 1.1735615 1.0970494 1.1293493 1.3350840 1.2344381 1.3193118 1.2966548 1.3022697 1.2488238 1.3725506 1.3052858 1.4522956 1.2704723 1.1669777 1.3545336 1.2912067 1.3174924 1.3382527 1.5196494 1.3917091 1.4474097 1.2730261 1.2736387 1.3151066 1.2677760 1.2301104 1.2152460 1.1714407 1.2792826 1.2605586 1.3584313 1.6275650 1.6395298 1.5089103 
XP_013743114.1|Brassica_napus                       0.2124228 0.2277793 0.2287236 0.2284709 0.2071662 0.1919193 0.0473419 0.0000000 0.0094582 0.0811642 0.2890553 0.3538237 0.3228130 0.3852463 0.3301153 0.5634774 1.0539048 1.0425604 1.0581724 1.0764247 1.0668877 1.0008933 1.0103042 1.0318081 1.0402101 1.0359285 1.0433964 1.0581354 1.0774643 1.0617232 1.0848890 1.0994248 1.1231701 1.1554492 1.0657677 1.0082321 1.0744992 1.0045545 0.9541900 0.9375801 0.9237513 0.8583001 0.8969392 0.8671234 0.8931418 0.9085384 1.0338077 1.0344716 1.0139900 0.9899143 0.9255045 0.8802775 0.8866886 0.8940994 0.8692494 0.8653109 0.8751446 0.8725442 0.9116997 0.9116997 0.8901368 1.0369779 1.0535056 1.0476921 1.0327661 1.0444711 1.0913039 0.9596778 0.9441123 1.0423995 1.0169144 1.1262338 0.9744451 1.0906563 1.2113417 1.2549567 1.0937612 1.2514607 0.9903442 1.0216347 1.1390781 1.1379428 1.1555295 1.1719660 1.1416092 1.1892596 1.1436975 1.0849377 1.1179952 1.3169040 1.2330078 1.2906189 1.2645388 1.2650399 1.2266130 1.3449239 1.2780712 1.4358713 1.2783787 1.1867098 1.3322858 1.2254391 1.2640248 1.3442884 1.4848777 1.3952102 1.4412306 1.2815857 1.2822068 1.3240897 1.2709092 1.2297209 1.2139984 1.1823209 1.2605744 1.2523702 1.3401694 1.6616008 1.6741909 1.5214405 
XP_009145469.1|Brassica_rapa                        0.2055802 0.2247894 0.2229274 0.2255046 0.2035363 0.1947460 0.0412472 0.0094582 0.0000000 0.0700915 0.2888915 0.3577987 0.3237333 0.3856151 0.3333201 0.5468317 1.0530152 1.0421596 1.0504010 1.0641521 1.0622577 1.0006087 1.0166891 1.0415931 1.0543072 1.0499636 1.0575309 1.0610440 1.0645100 1.0566141 1.0999229 1.1085889 1.1326450 1.1522427 1.0757292 1.0007673 1.0594716 0.9970337 0.9367348 0.9203938 0.9054522 0.8421495 0.8954377 0.8501696 0.8911776 0.9066022 1.0290782 1.0297546 1.0056533 0.9808041 0.9242060 0.8869686 0.8934172 0.9008597 0.8606533 0.8567394 0.8665254 0.8639435 0.8907077 0.8907077 0.8692445 1.0239801 1.0319896 1.0415074 1.0349005 1.0466316 1.0824075 0.9501364 0.9404592 1.0428764 1.0206116 1.1078502 0.9704987 1.0786918 1.1982263 1.2652816 1.0944521 1.2511992 0.9821719 0.9989996 1.1241709 1.1031006 1.1666791 1.1833057 1.1389056 1.1812142 1.1321379 1.0856535 1.1037829 1.3017443 1.2357961 1.2912342 1.2510476 1.2657120 1.2133961 1.3550764 1.2742052 1.4252292 1.2614993 1.1793949 1.3172527 1.2217388 1.2593421 1.3319757 1.4922339 1.4059969 1.4517941 1.2630527 1.2636635 1.3052007 1.2513207 1.2130546 1.1956279 1.1818824 1.2329688 1.2523623 1.3370489 1.6262094 1.6506112 1.5033595 
XP_018485899.1|Raphanus_sativus                     0.2053638 0.2020220 0.1956757 0.1997067 0.1911080 0.1793036 0.0851757 0.0811642 0.0700915 0.0000000 0.2659488 0.3303011 0.2934995 0.3594550 0.3143160 0.5674667 1.0710830 1.0481619 1.0651223 1.0534797 1.0498189 0.9603924 0.9739827 1.0373094 1.0200508 1.0159095 1.0218430 1.0680033 1.0750793 1.0672324 1.0844139 1.0852750 1.1113564 1.1252434 1.0578438 1.0301442 1.0938900 0.9843665 0.9648086 0.9385543 0.9081488 0.8343372 0.9216446 0.8571941 0.9024541 0.9270906 1.0214777 1.0439189 0.9864627 0.9758930 0.8956114 0.8897339 0.8963487 0.9100784 0.8440527 0.8402459 0.8497916 0.8472852 0.8578814 0.8578814 0.8446999 1.0523616 1.0272604 1.0691880 1.0623566 1.0757221 1.0942249 0.9850700 0.9745174 1.0512662 1.0444080 1.1185952 0.9748295 1.0948971 1.2085785 1.2656168 1.0802945 1.2339921 0.9742515 1.0141058 1.0803488 1.1260812 1.1058494 1.1216766 1.1351342 1.1884814 1.1313402 1.0997483 1.0921992 1.3097253 1.1777909 1.2964374 1.2417209 1.2580471 1.2114912 1.3276162 1.2660606 1.4292202 1.2237518 1.1602017 1.3159632 1.2759082 1.3179126 1.3447165 1.5088936 1.3734370 1.4425056 1.2646100 1.2572790 1.2983572 1.2462743 1.1926791 1.1767227 1.1343138 1.2858895 1.2431634 1.3955530 1.6556549 1.7446177 1.5406602 
XP_010488178.1|Camelina_sativa                      0.2416828 0.2318420 0.2402170 0.2482025 0.2392281 0.2858473 0.2716173 0.2890553 0.2888915 0.2659488 0.0000000 0.0565857 0.0572199 0.1172643 0.1378912 0.5663651 1.1127549 1.1329986 1.1303664 1.1562675 1.1621186 1.0428930 1.0699449 1.1165910 1.0698953 1.0653247 1.0666564 1.1022937 1.1205298 1.1154875 1.2021808 1.1779929 1.1986389 1.2197251 1.1915934 1.1058699 1.2117094 1.0741257 1.0045468 0.9881199 1.0247993 1.0204795 1.0031738 0.9536957 0.9564259 0.9550864 1.0894484 1.0914446 1.0193863 1.0623272 0.9400059 0.9799657 0.9802540 0.9936466 0.9304488 0.9221427 0.9281394 0.9346655 0.9456903 0.9456903 0.9182607 1.0835204 1.1358605 1.1078225 1.1302878 1.1119144 1.1306138 1.0204827 1.0261137 1.0857230 1.1160429 1.1546259 1.0612698 1.2157333 1.2204648 1.3132339 1.1171870 1.1653750 1.0989671 1.0979687 1.2233703 1.2260214 1.1781006 1.2005248 1.2077756 1.2379845 1.2648382 1.1753804 1.1116143 1.3637677 1.1901353 1.3930508 1.3838889 1.3689917 1.3412574 1.4173705 1.4161574 1.5417274 1.2429472 1.2116147 1.3116854 1.3561146 1.3845573 1.3505515 1.5642711 1.5154443 1.5157523 1.3096917 1.3022949 1.3477839 1.2666002 1.2347989 1.2387161 1.1579633 1.2944860 1.3562601 1.4602279 1.6164615 1.6241061 1.4138520 
XP_010510418.1|Camelina_sativa                      0.3008145 0.2714403 0.2825929 0.2884203 0.2940069 0.3433664 0.3340962 0.3538237 0.3577987 0.3303011 0.0565857 0.0000000 0.0770291 0.1281703 0.1600632 0.6231788 1.2043053 1.2035507 1.1857869 1.1935225 1.2383347 1.0714205 1.1184298 1.2002622 1.1189075 1.1142136 1.1118938 1.1691052 1.1906522 1.1855150 1.2829271 1.2716536 1.2856436 1.3102574 1.2460257 1.1550578 1.2627885 1.1496104 1.0917406 1.0736301 1.1029895 1.0894803 1.0354124 1.0470022 1.0153908 1.0413602 1.1639465 1.1835762 1.0956773 1.1362124 1.0383029 1.0378469 1.0396022 1.0622939 0.9783418 0.9696013 0.9726565 0.9792295 1.0259655 1.0259655 0.9911835 1.1308055 1.2002913 1.1351148 1.1530150 1.1227449 1.1639328 1.0710401 1.0769638 1.1351655 1.1819274 1.2139494 1.1480995 1.2597413 1.2596284 1.4035379 1.1919213 1.2788587 1.1581471 1.1839522 1.2785382 1.3427433 1.2816235 1.3041720 1.2857684 1.3009024 1.3023860 1.2166118 1.1885927 1.4302985 1.2937371 1.4616694 1.4854221 1.4924705 1.4454564 1.4750455 1.4794096 1.6577074 1.3396464 1.2872936 1.3672422 1.4006934 1.4327144 1.3982600 1.6154660 1.5371324 1.5654657 1.3631928 1.3490714 1.4019393 1.3352063 1.3013235 1.3054888 1.2471495 1.3318998 1.4105700 1.5511289 1.7559940 1.7657211 1.5061816 
XP_010466414.1|Camelina_sativa                      0.2767502 0.2517132 0.2634912 0.2655848 0.2644005 0.3079735 0.3010077 0.3228130 0.3237333 0.2934995 0.0572199 0.0770291 0.0000000 0.1327143 0.1535772 0.6177821 1.1555132 1.1332460 1.1387811 1.1652976 1.1868450 1.0444998 1.0769313 1.1489360 1.0674285 1.0629527 1.0656484 1.1114639 1.1463126 1.1409331 1.2278291 1.2039707 1.2168417 1.2432701 1.1924789 1.1249069 1.2260200 1.0627974 1.0388734 1.0218476 1.0575596 1.0331636 1.0045874 0.9782757 0.9830970 0.9877029 1.1222702 1.1155374 1.0711344 1.1074973 0.9588544 0.9662135 0.9680794 0.9851758 0.9376011 0.9293733 0.9353344 0.9417883 0.9553757 0.9553757 0.9278933 1.0725924 1.1412774 1.0974646 1.1354669 1.1052769 1.1019253 1.0265002 1.0257817 1.0764209 1.1380898 1.2102456 1.0879614 1.2319609 1.2343936 1.2972553 1.1578896 1.2065907 1.0956453 1.1134591 1.2399420 1.2654757 1.2016966 1.2240646 1.2162843 1.2501080 1.3201422 1.2144443 1.1934140 1.3956278 1.2181616 1.4068069 1.4303519 1.4249140 1.3886126 1.4265375 1.4220213 1.6147533 1.2946085 1.2365108 1.3698516 1.3922105 1.4065108 1.3917490 1.5950531 1.5327812 1.5507652 1.3232083 1.3075306 1.3583978 1.3045685 1.2611757 1.2605757 1.1769155 1.3132640 1.3468817 1.4998383 1.6561660 1.7619434 1.4831074 
XP_010490292.2|Camelina_sativa                      0.3380275 0.3201485 0.3291591 0.3381793 0.3243355 0.3724203 0.3696729 0.3852463 0.3856151 0.3594550 0.1172643 0.1281703 0.1327143 0.0000000 0.2214923 0.6718348 1.2311925 1.2554138 1.2446773 1.2860850 1.2971940 1.1568625 1.1896297 1.2452882 1.1826551 1.1775623 1.1837007 1.2338005 1.2628556 1.2605098 1.3233916 1.2922305 1.3049561 1.3394681 1.3135957 1.2211055 1.3703087 1.2246422 1.1764466 1.1629767 1.1671834 1.1209752 1.0929201 1.1032023 1.0840169 1.0844518 1.1894039 1.2217199 1.1631225 1.1731754 1.0619753 1.0494371 1.0458137 1.0655648 1.0622619 1.0528835 1.0551528 1.0623272 1.0652340 1.0652340 1.0388960 1.2211573 1.2803633 1.2212030 1.2398523 1.1918309 1.2473704 1.1282411 1.1199808 1.1917913 1.2392640 1.2271642 1.1938518 1.3298092 1.2987152 1.4230965 1.2339277 1.2551384 1.1973992 1.2141548 1.3684381 1.3700684 1.2854863 1.3096776 1.3391661 1.3453354 1.3768981 1.2559016 1.2299841 1.4433354 1.3372499 1.5628465 1.5658252 1.5490564 1.5137133 1.5947412 1.5895466 1.7395429 1.4303972 1.3782740 1.4906965 1.5376240 1.5470347 1.5110602 1.6603230 1.6075725 1.6150780 1.3913194 1.3860711 1.4343691 1.3608878 1.3263534 1.3211178 1.3014602 1.4050222 1.4743801 1.5075235 1.6875280 1.7999291 1.5193627 
XP_023642198.1|Capsella_rubella                     0.2959947 0.2827116 0.2773847 0.2936327 0.2703641 0.3397027 0.3161009 0.3301153 0.3333201 0.3143160 0.1378912 0.1600632 0.1535772 0.2214923 0.0000000 0.6338317 1.1765956 1.1682114 1.1716610 1.1944016 1.1559467 1.0746057 1.1041680 1.1582609 1.0969200 1.0922935 1.0883954 1.1481573 1.2017795 1.1929461 1.2477234 1.2363982 1.2706951 1.2793058 1.2424769 1.1489342 1.2470710 1.0871820 1.0437162 1.0267253 1.0413371 1.0637937 1.0323257 1.0163516 0.9789041 1.0045371 1.1271100 1.1320432 1.0866352 1.1424632 1.0156061 1.0079069 1.0083205 1.0200720 0.9828926 0.9751455 0.9734042 0.9661671 0.9944450 0.9944450 0.9618529 1.1034722 1.2448294 1.0889015 1.1011041 1.0938816 1.0954184 0.9944424 0.9977565 1.0454579 1.1610682 1.2303623 1.1275277 1.2206790 1.2107245 1.3463575 1.1464861 1.2261467 1.1392547 1.1575032 1.2269363 1.2741703 1.1935982 1.2159453 1.2573813 1.2839688 1.3170137 1.1967189 1.1811582 1.4475118 1.2684385 1.4510892 1.4535846 1.4386164 1.4139197 1.4861006 1.4657211 1.6156810 1.3575879 1.2918009 1.4659649 1.4566181 1.4767031 1.4423357 1.5869090 1.5532123 1.5745502 1.2908797 1.2754748 1.3134597 1.2733995 1.2519173 1.2516345 1.2299112 1.2798373 1.3756620 1.5012956 1.6628979 1.6676105 1.4819130 
XP_010524495.1|Tarenaya_hassleriana                 0.4874019 0.5539687 0.5625967 0.5664453 0.5741889 0.5607483 0.5815285 0.5634774 0.5468317 0.5674667 0.5663651 0.6231788 0.6177821 0.6718348 0.6338317 0.0000000 1.1224038 1.0652004 1.1119723 1.1182777 1.1223424 1.0004930 1.0106831 1.0540573 1.0118650 1.0082402 0.9946326 0.9628274 1.0951140 1.0888430 1.1412423 1.1316333 1.1677974 1.1689753 1.0989612 1.0503183 1.1304004 0.9964792 0.9594523 0.9300049 0.9003681 0.8980177 0.9015788 0.9010955 0.8506079 0.8489289 0.9617276 0.9535270 1.0035905 1.0085018 0.9001679 0.9382731 0.9361036 0.9576394 0.8517941 0.8449652 0.8517183 0.8574879 0.9108315 0.9108315 0.8838578 0.9519956 1.0852987 0.9949212 1.0678029 1.0477738 1.0434675 1.0160365 1.0119992 1.0905412 1.0335579 1.1021845 1.0499434 1.0812844 1.1464574 1.2928069 1.0496263 1.0694717 0.9552273 1.0695314 1.0948991 1.1290205 1.0918198 1.1190155 1.1441094 1.2139290 1.1213778 1.1050962 1.1006051 1.1302335 1.0953764 1.2796542 1.2909736 1.2842240 1.2455278 1.4342545 1.2901406 1.4613218 1.2144394 1.1476532 1.2810714 1.2507509 1.2885566 1.3739059 1.4824033 1.3900089 1.4304072 1.2123220 1.2078195 1.2313833 1.1892746 1.1759817 1.1646345 1.2234985 1.2534005 1.2839597 1.3173178 1.6197733 1.6928443 1.4743055 
XP_020222022.2|Cajanus_cajan                        1.1276230 1.1413025 1.1520026 1.1560220 1.1543812 1.1392126 1.0607741 1.0539048 1.0530152 1.0710830 1.1127549 1.2043053 1.1555132 1.2311925 1.1765956 1.1224038 0.0000000 0.1901381 0.2455175 0.2417746 0.3763056 0.5079308 0.5421900 0.5668348 0.5605204 0.5646548 0.5500654 0.6573958 0.5852984 0.5673326 0.6756171 0.6757363 0.7022091 0.7015733 0.6305161 0.6609208 0.6980951 0.7447409 0.6285220 0.6181940 0.6970899 0.7049981 0.6678156 0.7483421 0.7649265 0.7598151 0.8001577 0.7779960 0.7598740 0.7768609 0.7384986 0.7699468 0.7967036 0.7682604 0.7456848 0.7520065 0.7406804 0.7459603 0.6854790 0.6854790 0.6539042 0.8011798 0.8404309 0.7240232 0.7181766 0.7266452 0.8209776 0.7106095 0.6997960 0.7305244 0.7200651 0.7758419 0.7200009 0.8309242 0.7927152 0.9119076 0.7882918 0.8497344 0.7956959 0.7835524 0.8348148 0.9660440 0.8274881 0.8351887 0.8660632 0.9304603 0.8480721 0.8177378 0.8038351 0.7730737 0.8955241 1.0405918 1.0113648 1.0001277 0.9727832 1.1444101 1.1129091 1.1640627 0.9105012 0.9147378 0.9607261 0.9565949 0.9475556 1.0023677 1.2482765 1.1240492 1.1329451 0.9810522 0.9756805 1.0045213 0.9862833 0.9636043 0.9216529 1.1126958 0.9854347 0.9873495 1.1473214 1.4380454 1.2723755 1.3000089 
TKY72192.1|Spatholobus_suberectus                   1.0903785 1.1096720 1.1093647 1.1196993 1.1277508 1.1464012 1.0547653 1.0425604 1.0421596 1.0481619 1.1329986 1.2035507 1.1332460 1.2554138 1.1682114 1.0652004 0.1901381 0.0000000 0.2127862 0.1986732 0.3259830 0.4819849 0.5205283 0.5375830 0.5382161 0.5422298 0.5187780 0.6303434 0.5650813 0.5568034 0.6419349 0.6360975 0.6520850 0.6481190 0.5941211 0.7001675 0.7421803 0.7257014 0.6221501 0.6205768 0.6885525 0.6925199 0.6758871 0.7705991 0.7549523 0.7482335 0.7999438 0.7773063 0.7414847 0.7479216 0.7338035 0.7497306 0.7792610 0.7440080 0.7300286 0.7362722 0.7224134 0.7276513 0.6963559 0.6963559 0.6652603 0.8110879 0.8580426 0.7371113 0.7213398 0.7322334 0.7902426 0.6822955 0.6759832 0.7122831 0.7080342 0.7540429 0.6728965 0.7925274 0.8053549 0.8983070 0.7896853 0.8509877 0.8083348 0.7868259 0.8748177 0.9579405 0.8160329 0.8316273 0.8027814 0.8898815 0.8642856 0.8652514 0.8380264 0.7751330 0.8260469 1.0260536 0.9894100 0.9938167 0.9614688 1.1224632 1.0831712 1.1198866 0.9438655 0.9266505 0.9728799 0.9862861 0.9893097 1.0473041 1.2490792 1.1243196 1.1518323 0.9299423 0.9392463 0.9698701 0.9521149 0.9189062 0.8931624 1.0654080 0.9983879 0.9451207 1.2490929 1.5293227 1.2836130 1.1943988 
XP_022642573.1|Vigna_radiata_var_radiata            1.1178153 1.1141464 1.1184778 1.1224590 1.1487090 1.1218485 1.0661040 1.0581724 1.0504010 1.0651223 1.1303664 1.1857869 1.1387811 1.2446773 1.1716610 1.1119723 0.2455175 0.2127862 0.0000000 0.0792209 0.3947912 0.4855640 0.5222741 0.5695122 0.5536488 0.5577369 0.5349482 0.6370380 0.6004749 0.5860320 0.6828589 0.6636420 0.6813043 0.6825176 0.6221324 0.7368639 0.7321616 0.7686437 0.6253716 0.6283168 0.7178609 0.6959620 0.6782889 0.7856501 0.7554650 0.7670450 0.7865663 0.7830214 0.7531255 0.7530940 0.7322166 0.7471540 0.7707472 0.7461285 0.7422184 0.7509659 0.7366445 0.7419314 0.6703307 0.6703307 0.6404119 0.8470208 0.8836081 0.7352626 0.7443893 0.7513467 0.8209311 0.7125330 0.6976637 0.7384575 0.7146080 0.8011042 0.7400137 0.8193430 0.8755395 1.0045369 0.8135930 0.8882744 0.7976262 0.7967839 0.8862153 0.9577605 0.8242925 0.8282383 0.8854521 0.9379454 0.9212626 0.8850610 0.8887838 0.7891562 0.9593613 1.0455947 1.0157823 1.0276192 0.9974973 1.1401952 1.0778229 1.1579934 0.9987833 0.9610624 1.0115051 0.9980242 0.9928446 1.0409775 1.2737714 1.1385287 1.1831831 0.9293893 0.9316538 0.9707458 0.9383584 0.9148493 0.8825162 1.0792130 1.0345667 1.0350070 1.2073573 1.5516815 1.3248964 1.2788898 
XP_027930876.1|Vigna_unguiculata                    1.1299341 1.1073676 1.0996094 1.1030482 1.1423376 1.1343277 1.0700413 1.0764247 1.0641521 1.0534797 1.1562675 1.1935225 1.1652976 1.2860850 1.1944016 1.1182777 0.2417746 0.1986732 0.0792209 0.0000000 0.3910649 0.5065987 0.5431748 0.5841157 0.5880131 0.5922633 0.5685464 0.6671171 0.6087826 0.5941745 0.6571215 0.6533900 0.6735246 0.6752427 0.6178643 0.7271115 0.7240604 0.7739518 0.6180138 0.6191768 0.7124152 0.6909754 0.6630024 0.7598892 0.7413496 0.7417620 0.8017467 0.7948046 0.7584431 0.7744397 0.7259612 0.7427122 0.7603709 0.7341331 0.7195822 0.7281934 0.7123901 0.7175884 0.6848762 0.6848762 0.6517223 0.8677985 0.9151815 0.7416243 0.7509426 0.7589990 0.8068725 0.7105718 0.7006322 0.7465098 0.7269691 0.7798058 0.7314989 0.8167630 0.8509691 0.9801501 0.8148331 0.8879978 0.7842782 0.7737674 0.8751181 0.9425617 0.8921215 0.8964073 0.8874559 0.9313447 0.8897491 0.8854623 0.8893732 0.7767077 0.9298744 0.9805908 0.9541813 0.9707292 0.9468407 1.1035311 1.0376351 1.1420016 0.9586264 0.9252496 0.9679710 0.9561376 0.9572861 1.0140246 1.2305976 1.1181004 1.1450565 0.9339128 0.9373584 0.9796220 0.9232029 0.8957823 0.8661279 1.0726254 1.0397235 0.9947968 1.1788865 1.4770718 1.3287474 1.2804335 
XP_013462891.1|Medicago_truncatula                  1.0816277 1.1151712 1.1124068 1.1212482 1.1145995 1.1103077 1.0795885 1.0668877 1.0622577 1.0498189 1.1621186 1.2383347 1.1868450 1.2971940 1.1559467 1.1223424 0.3763056 0.3259830 0.3947912 0.3910649 0.0000000 0.6100435 0.6313864 0.6291034 0.6289444 0.6334468 0.6105526 0.6992644 0.6471490 0.6326150 0.6650851 0.6741056 0.6874914 0.7265069 0.6548992 0.7605194 0.7540288 0.7643071 0.7126021 0.7020397 0.6966043 0.6861899 0.7385010 0.7726470 0.7154316 0.7228267 0.8003889 0.7891302 0.7858447 0.7910325 0.7543436 0.7761310 0.7987070 0.7709593 0.7539075 0.7602339 0.7431093 0.7483480 0.7565466 0.7565466 0.7236287 0.8705919 0.9120516 0.8042198 0.7403146 0.7645980 0.8201348 0.7086886 0.6845026 0.7464424 0.7944533 0.7483693 0.7352372 0.7912244 0.8726433 0.9460579 0.8108414 0.8684184 0.8513521 0.7841714 0.8611594 0.9934778 0.8677892 0.8900699 0.8583822 0.9842516 0.9522470 0.8405647 0.8448188 0.8169133 0.8995033 1.0011273 1.0271026 1.0175598 1.0020525 1.1447788 1.1325071 1.1959875 0.9517639 0.8962440 0.9641201 0.9614376 0.9660194 1.0445629 1.2670390 1.1393310 1.2130369 0.9811600 0.9782232 0.9817884 0.9525865 0.9417416 0.8973754 1.1008410 1.0105348 0.9999190 1.2834216 1.3973711 1.3796648 1.3302412 
XP_041026860.1|Juglans_microcarpa_x_Juglans_regia   0.9546363 0.9946109 0.9964143 0.9897828 0.9959940 1.0000491 1.0143182 1.0008933 1.0006087 0.9603924 1.0428930 1.0714205 1.0444998 1.1568625 1.0746057 1.0004930 0.5079308 0.4819849 0.4855640 0.5065987 0.6100435 0.0000000 0.0438967 0.4007758 0.3853928 0.3870077 0.3773559 0.5462688 0.4650972 0.4562006 0.5954831 0.5619045 0.5673859 0.5909006 0.5436250 0.5999530 0.6253903 0.6846620 0.5339775 0.5451478 0.6639827 0.6242440 0.5896805 0.6527647 0.6488896 0.6443509 0.7301979 0.7113142 0.6237370 0.6539137 0.6521305 0.6338226 0.6599812 0.6377325 0.6154665 0.6204433 0.6012020 0.6059123 0.6173803 0.6173803 0.5912969 0.7110978 0.7608049 0.7393573 0.7148225 0.7293839 0.7531407 0.6614464 0.6643771 0.7187149 0.6493920 0.6527152 0.6105797 0.6980812 0.7810481 0.8676154 0.7049750 0.7434698 0.6956990 0.6624930 0.7742739 0.9021220 0.7151426 0.7236879 0.7593893 0.8253797 0.7997414 0.7684763 0.8040363 0.6409300 0.8217382 1.0876378 1.0517525 1.0734806 1.0226254 1.1281872 1.1376973 1.1545696 0.9454515 0.9683305 0.9968494 0.9974592 0.9855227 1.0337871 1.1158732 1.0287198 1.0434767 0.8131001 0.8183063 0.8637401 0.8440513 0.8183440 0.7606507 0.8820904 0.9274162 0.9151225 1.1110458 1.3577464 1.1808813 1.1810053 
XP_018807525.2|Juglans_regia                        0.9771192 1.0256861 1.0275664 1.0187318 1.0258338 1.0336699 1.0360940 1.0103042 1.0166891 0.9739827 1.0699449 1.1184298 1.0769313 1.1896297 1.1041680 1.0106831 0.5421900 0.5205283 0.5222741 0.5431748 0.6313864 0.0438967 0.0000000 0.4337963 0.3984517 0.4000770 0.3904148 0.5544479 0.4967000 0.4820066 0.6231592 0.5645477 0.5702947 0.6225659 0.5686017 0.6163998 0.6586269 0.7018303 0.5681853 0.5755548 0.6957349 0.6464111 0.6149433 0.7041151 0.6598100 0.6539323 0.7507013 0.7271354 0.6813675 0.7052119 0.6946561 0.6617285 0.6795994 0.6638484 0.6555355 0.6607171 0.6409139 0.6457188 0.6517618 0.6517618 0.6237326 0.7468383 0.7861387 0.7583919 0.7342070 0.7399285 0.7987474 0.6914432 0.6944763 0.7497381 0.6822760 0.6972378 0.6505485 0.7349893 0.8186111 0.8918763 0.7267284 0.7781602 0.7176080 0.7080070 0.8169778 0.9304395 0.7353664 0.7477337 0.8220176 0.8966121 0.8438803 0.8000658 0.8373031 0.6877138 0.8134003 1.1277642 1.0622540 1.0908399 1.0498665 1.1641999 1.1663509 1.1878069 0.9716355 0.9855009 1.0286715 0.9980206 0.9995817 1.0364313 1.1252158 1.0649354 1.0732946 0.8162011 0.8213240 0.8660299 0.8501730 0.8225303 0.7658147 0.8994835 0.9721385 0.9228594 1.1311579 1.3935180 1.2456272 1.2264239 
XP_011002576.1|Populus_euphratica                   1.0408176 1.0623947 1.0842845 1.0736027 1.0734974 1.0687392 1.0619692 1.0318081 1.0415931 1.0373094 1.1165910 1.2002622 1.1489360 1.2452882 1.1582609 1.0540573 0.5668348 0.5375830 0.5695122 0.5841157 0.6291034 0.4007758 0.4337963 0.0000000 0.3865475 0.3887933 0.3876500 0.5413158 0.4782153 0.4622692 0.5681281 0.5715126 0.5836411 0.6098713 0.5371099 0.5958412 0.6483200 0.6985308 0.5752274 0.5705683 0.6987287 0.6327652 0.6383223 0.7305726 0.6640091 0.6197682 0.7321585 0.7145113 0.6430536 0.6660198 0.7178842 0.7289752 0.7356957 0.7290289 0.6719330 0.6739973 0.6635135 0.6615664 0.6807551 0.6807551 0.6731405 0.7608529 0.8458500 0.7098103 0.7246023 0.7403925 0.7312094 0.6400417 0.6413026 0.6688788 0.6487490 0.7905681 0.6219785 0.7431274 0.8383608 0.8918678 0.8012920 0.8203284 0.6930485 0.6254347 0.7370192 0.8152347 0.7714923 0.7896957 0.7465230 0.8219277 0.8306186 0.8133113 0.8250575 0.6772123 0.8421706 1.0654902 1.0405136 1.0601428 1.0139348 1.1627580 1.1746027 1.1902416 1.0392267 0.9992673 1.0694978 1.0302332 1.0571061 1.1087298 1.2714233 1.1087270 1.2063905 0.9130157 0.9009194 0.9257005 0.9485401 0.9463610 0.8864816 0.9558198 0.9544268 0.9661365 1.1297512 1.4733520 1.2462346 1.2143298 
XP_024950853.1|Citrus_sinensis                      1.0356981 1.0883552 1.0964717 1.1024687 1.0660993 1.0158098 1.0909319 1.0402101 1.0543072 1.0200508 1.0698953 1.1189075 1.0674285 1.1826551 1.0969200 1.0118650 0.5605204 0.5382161 0.5536488 0.5880131 0.6289444 0.3853928 0.3984517 0.3865475 0.0000000 0.0018168 0.0165337 0.2842957 0.4313181 0.4192596 0.5712516 0.5803037 0.5987058 0.5851693 0.5078915 0.6380134 0.7169715 0.7254486 0.6046976 0.6066863 0.7318986 0.6847419 0.7123258 0.7391475 0.7211985 0.7222324 0.8292358 0.7957192 0.7177738 0.7283514 0.7407490 0.7909251 0.8119990 0.7908277 0.6961615 0.7015735 0.6875661 0.6925197 0.6511966 0.6511966 0.6345807 0.7649979 0.8501750 0.7094443 0.7000058 0.7074132 0.7127234 0.6109500 0.6346673 0.6825699 0.6841199 0.7443826 0.6738177 0.7651829 0.8249162 0.8887706 0.7741348 0.8450396 0.7483185 0.6982316 0.7897851 0.9400275 0.7340687 0.7419219 0.8092954 0.8455309 0.7905862 0.8178265 0.8080987 0.7304326 0.8510060 1.0550612 1.0350833 1.0597842 1.0085836 1.1366379 1.1229697 1.1631012 0.9641427 0.9683592 0.9920048 0.9816244 0.9642549 0.9835058 1.2002270 1.0331694 1.1383308 0.8996681 0.8986716 0.9236749 0.9464848 0.9177458 0.8508177 0.9808173 0.9807259 0.9384609 1.1663546 1.3422781 1.2690834 1.2806209 
Washington_navel_orange|CERK1                       1.0314374 1.0839185 1.0919760 1.0979471 1.0617461 1.0158098 1.0864770 1.0359285 1.0499636 1.0159095 1.0653247 1.1142136 1.0629527 1.1775623 1.0922935 1.0082402 0.5646548 0.5422298 0.5577369 0.5922633 0.6334468 0.3870077 0.4000770 0.3887933 0.0018168 0.0000000 0.0146768 0.2842957 0.4348712 0.4227610 0.5671606 0.5762397 0.5945452 0.5883789 0.5078915 0.6357336 0.7144178 0.7293663 0.6068452 0.6088380 0.7358459 0.6883676 0.7161627 0.7416919 0.7250346 0.7260534 0.8335516 0.7999035 0.7215742 0.7321702 0.7377830 0.7876925 0.8086982 0.7875892 0.6961615 0.7015735 0.6875661 0.6925197 0.6534877 0.6534877 0.6368717 0.7690627 0.8544607 0.7107469 0.7012949 0.7087159 0.7140233 0.6120298 0.6357985 0.6838020 0.6873449 0.7457678 0.6761250 0.7602520 0.8272238 0.8887706 0.7762026 0.8473644 0.7517910 0.7015783 0.7934590 0.9365046 0.7340687 0.7419219 0.8062998 0.8424379 0.7855099 0.8144936 0.8051398 0.7328752 0.8558058 1.0595522 1.0395053 1.0642915 1.0129251 1.1413829 1.1277494 1.1693211 0.9682973 0.9725649 0.9879275 0.9868715 0.9691713 0.9887339 1.2063667 1.0388610 1.1441695 0.8964624 0.8954761 0.9203915 0.9431549 0.9145103 0.8477960 0.9766195 0.9767142 0.9422208 1.1697529 1.3467249 1.2608478 1.2757242 
Tango_mandarin|CERK1                                1.0364154 1.0760132 1.0839700 1.0898983 1.0699673 1.0237782 1.0904165 1.0433964 1.0575309 1.0218430 1.0666564 1.1118938 1.0656484 1.1837007 1.0883954 0.9946326 0.5500654 0.5187780 0.5349482 0.5685464 0.6105526 0.3773559 0.3904148 0.3876500 0.0165337 0.0146768 0.0000000 0.2683030 0.4249753 0.4129936 0.5488451 0.5580333 0.5758924 0.5699110 0.4902279 0.6276566 0.7003496 0.7215687 0.5973790 0.5975051 0.7169550 0.6833556 0.7023837 0.7280486 0.7112756 0.7123498 0.8182251 0.7821204 0.7019135 0.7117019 0.7291544 0.7769822 0.7978180 0.7721345 0.6877759 0.6931300 0.6792369 0.6841574 0.6414253 0.6414253 0.6235861 0.7541817 0.8419197 0.7014584 0.6816625 0.6923305 0.7067018 0.6016545 0.6251525 0.6755822 0.6803262 0.7288794 0.6616298 0.7434638 0.8071918 0.8800117 0.7499719 0.8286083 0.7283812 0.6854076 0.7793545 0.9202062 0.7202249 0.7279076 0.7913502 0.8291432 0.7773194 0.7888270 0.7845316 0.7091763 0.8377630 1.0458233 1.0318629 1.0466961 0.9962028 1.1120737 1.1150953 1.1575213 0.9667233 0.9686920 0.9852617 0.9894296 0.9739123 0.9964364 1.1949667 1.0326439 1.1325696 0.8890499 0.8880874 0.9127983 0.9257781 0.8958818 0.8346934 0.9546012 0.9691128 0.9264331 1.1736252 1.3425916 1.2428118 1.2576690 
XP_024046333.1|Citrus_clementina                    1.0321256 1.0669453 1.1026730 1.0980752 1.0822119 1.0416963 1.0891838 1.0581354 1.0610440 1.0680033 1.1022937 1.1691052 1.1114639 1.2338005 1.1481573 0.9628274 0.6573958 0.6303434 0.6370380 0.6671171 0.6992644 0.5462688 0.5544479 0.5413158 0.2842957 0.2842957 0.2683030 0.0000000 0.6069651 0.5958932 0.6554223 0.6551809 0.6689155 0.6655446 0.5882173 0.5644156 0.6346778 0.6669298 0.5659640 0.5547741 0.6715995 0.6551910 0.6633824 0.7016388 0.6459799 0.6615143 0.7600861 0.7226953 0.7565876 0.7187686 0.7139287 0.7243100 0.7498809 0.7210504 0.6785829 0.6861694 0.6711686 0.6760023 0.6606446 0.6606446 0.6430834 0.7222176 0.7913264 0.6914035 0.6976789 0.7185113 0.7162682 0.6247905 0.6341238 0.6623912 0.6698831 0.7072435 0.6654777 0.8020284 0.8457008 0.9536932 0.7909307 0.8581227 0.6203478 0.6571671 0.7603551 0.8259346 0.5945797 0.6152278 0.8296933 0.8836272 0.8335252 0.8518115 0.8473349 0.8417998 0.7968036 0.9211633 0.9249491 0.9177650 0.8823006 1.0523740 1.0460821 1.0542261 0.8631715 0.9132184 0.9088871 0.8467317 0.8755922 0.8968236 1.1825305 1.0199999 1.0997570 0.7648167 0.7663099 0.7873863 0.7956312 0.7927715 0.7479263 0.8949394 0.9555810 0.8959725 1.1719661 1.3796774 1.2767835 1.2634811 
XP_016723442.2|Gossypium_hirsutum                   1.0781241 1.1238008 1.1377362 1.1322313 1.1523873 1.0909245 1.0842284 1.0774643 1.0645100 1.0750793 1.1205298 1.1906522 1.1463126 1.2628556 1.2017795 1.0951140 0.5852984 0.5650813 0.6004749 0.6087826 0.6471490 0.4650972 0.4967000 0.4782153 0.4313181 0.4348712 0.4249753 0.6069651 0.0000000 0.0168296 0.7163961 0.6962340 0.6990548 0.7205888 0.6479988 0.6746208 0.7197939 0.7632695 0.6536956 0.6543489 0.7607958 0.7132721 0.7399930 0.8291499 0.7866390 0.7704671 0.8826694 0.8579591 0.7301442 0.7363342 0.8078993 0.7300634 0.7477552 0.7315379 0.7046192 0.7101523 0.7105123 0.7156134 0.7349783 0.7349783 0.7084939 0.8877797 0.8639488 0.8141996 0.7843082 0.8037416 0.8311209 0.7264302 0.7305545 0.7875733 0.7730345 0.8681518 0.6789592 0.8715902 0.9202312 1.0225918 0.8682974 0.8644628 0.7982809 0.7399602 0.8563097 0.9035434 0.8858603 0.9101882 0.8799483 0.9168547 0.8541164 0.8285294 0.8458318 0.7577327 0.8942264 1.1877119 1.1551739 1.1810319 1.1585670 1.2166510 1.2471598 1.3047952 1.1545027 1.1616331 1.1809306 1.1230308 1.1565554 1.1880027 1.3423124 1.2482357 1.3139141 0.9977324 0.9953663 1.0186595 1.0144355 1.0126050 0.9764403 1.0257037 1.0467545 1.0385468 1.2331035 1.4486265 1.3739080 1.2572007 
XP_012457116.1|Gossypium_raimondii                  1.0857498 1.1213120 1.1370331 1.1297191 1.1498335 1.0884695 1.0685006 1.0617232 1.0566141 1.0672324 1.1154875 1.1855150 1.1409331 1.2605098 1.1929461 1.0888430 0.5673326 0.5568034 0.5860320 0.5941745 0.6326150 0.4562006 0.4820066 0.4622692 0.4192596 0.4227610 0.4129936 0.5958932 0.0168296 0.0000000 0.6949277 0.6771432 0.6797988 0.6973518 0.6274217 0.6642587 0.7049969 0.7488296 0.6340600 0.6347621 0.7495626 0.6944838 0.7233373 0.8070870 0.7619497 0.7461762 0.8621714 0.8380389 0.7154105 0.7178517 0.7932470 0.7155932 0.7330938 0.7170837 0.6913348 0.6967889 0.6971797 0.7022396 0.7270335 0.7270335 0.7004374 0.8672281 0.8378660 0.7914636 0.7633841 0.7824879 0.8087803 0.7065728 0.7087413 0.7613024 0.7517157 0.8531917 0.6694370 0.8470381 0.9044429 1.0159826 0.8595536 0.8587757 0.7857446 0.7291259 0.8381826 0.8995027 0.8577509 0.8815049 0.8671319 0.8990312 0.8423893 0.8215940 0.8310985 0.7396716 0.8648839 1.1736474 1.1413216 1.1670279 1.1446965 1.1879279 1.2175577 1.2888887 1.1551573 1.1281726 1.1512778 1.0963000 1.1244200 1.1578385 1.3109384 1.2083122 1.2873950 0.9864104 0.9779971 1.0008943 0.9982053 0.9964006 0.9607380 1.0023416 1.0220081 1.0173819 1.1989417 1.4252294 1.3454291 1.2427644 
XP_006348156.1|Solanum_tuberosum                    1.1176194 1.1580491 1.1515125 1.1484943 1.1669520 1.1975897 1.1344691 1.0848890 1.0999229 1.0844139 1.2021808 1.2829271 1.2278291 1.3233916 1.2477234 1.1412423 0.6756171 0.6419349 0.6828589 0.6571215 0.6650851 0.5954831 0.6231592 0.5681281 0.5712516 0.5671606 0.5488451 0.6554223 0.7163961 0.6949277 0.0000000 0.1129913 0.1369055 0.1229638 0.1064312 0.7412456 0.8048991 0.7792121 0.7115609 0.7089819 0.7751596 0.7806914 0.7318795 0.7409636 0.7476084 0.7653670 0.8306055 0.8275919 0.7370748 0.7886227 0.7784172 0.7521220 0.7847323 0.7720748 0.7354235 0.7377932 0.7389906 0.7442289 0.7224186 0.7224186 0.7009573 0.9083861 0.9520518 0.8038867 0.7797226 0.7910037 0.8253610 0.7096142 0.7296060 0.7683055 0.8171431 0.8321890 0.7719763 0.8858304 0.9390862 0.9950258 0.9317735 1.0009003 0.8032702 0.7577741 0.8435066 0.9456694 0.8830238 0.9035965 0.9419190 0.9587538 0.9464609 0.9148431 0.9484031 0.8994891 0.9361559 1.0720032 1.0681182 1.0765936 1.0555720 1.1973615 1.1654173 1.1957797 1.1005046 1.0390146 1.1025697 1.1307100 1.1287618 1.1334581 1.3671372 1.1884313 1.2860371 0.8048587 0.7841019 0.8184207 0.8012508 0.7948054 0.7653425 1.1291871 0.9889618 1.0665142 1.1258455 1.3678989 1.3988266 1.3473186 
