153
NP_566689.2|Arabidopsis_thaliana                                            0.0000000 0.1288649 0.1288649 0.1298927 0.1298927 0.1363207 0.1363207 0.1315693 0.1315693 0.1920727 0.2131264 0.2131264 0.2154771 0.2154771 0.2091003 0.2091003 0.2090346 0.2090346 0.2414499 0.2893841 0.2688233 0.3368295 0.2910637 0.4654259 1.0239883 1.0239883 1.1076359 0.9970020 1.0347809 1.0419324 1.0347809 1.0419324 1.0520279 1.0447628 0.9913922 0.9122986 0.9235404 0.9488574 0.9373760 0.9785358 0.9746991 0.9121573 0.9388648 0.9343583 1.0179664 0.9841491 0.9616062 0.9977875 1.0310772 1.0435399 1.0394531 1.0539963 1.1082489 0.9108952 0.8500478 0.8419302 0.8530848 0.8006300 0.8173724 0.7882095 0.8046995 0.8584194 0.8257674 0.8176927 0.8237762 0.8365553 0.9200329 0.9256848 0.8973913 0.8897061 0.8645902 0.8470074 0.8524720 0.8245926 0.8143831 0.7928353 0.7925541 0.7712487 0.7878591 0.9737720 0.9913717 0.9464032 0.9465863 0.9442754 0.9847322 0.9828186 0.9654422 0.9855567 0.8918400 0.8943542 0.9319628 0.8403192 0.9371692 1.0133179 0.8973957 0.8973957 1.0662976 1.1107750 1.1821346 1.1145546 0.9159551 1.0609254 1.0817501 1.0463435 0.9130259 0.9599020 1.0221431 1.0089998 1.0512632 1.0512632 1.0512632 1.1093210 1.0413631 0.9901248 0.9901248 1.0111316 0.9997597 1.2495529 1.2495529 1.0429775 1.1784611 1.1914983 1.1891885 1.1580482 1.1894697 1.1667578 1.2717111 1.1369036 1.1369036 1.0651251 1.0651251 1.1869047 1.1507842 1.2043571 1.1891293 1.2146653 1.2115371 1.2400882 1.2400882 1.0969152 1.1532393 1.1557111 1.1886006 1.1085017 1.0951303 1.1026539 1.1463264 1.1897949 1.1897949 1.2725753 1.6340850 1.3064038 1.4090624 
XP_010510437.1|Camelina_sativa                                              0.1288649 0.0000000 0.0000010 0.0286085 0.0286085 0.0249719 0.0249719 0.0797675 0.0797675 0.2013195 0.2243561 0.2243561 0.2335126 0.2335126 0.2287441 0.2287441 0.2028111 0.2028111 0.2321620 0.2624539 0.2479768 0.3209367 0.2785971 0.5355871 1.0379482 1.0379482 1.1231219 1.0308827 1.0342036 1.0402616 1.0342036 1.0402616 1.0335741 1.0274943 1.0220789 0.9425309 0.9616118 0.9850072 0.9767483 1.0346456 1.0344312 0.9841508 0.9891753 0.9962003 1.0402591 1.0140999 1.0097676 1.0267187 1.0478413 1.0845818 1.0542387 1.0622858 1.1296390 0.9433286 0.9056609 0.8915705 0.9229000 0.8609462 0.8781191 0.8312527 0.8480610 0.8957199 0.8521461 0.8835775 0.8878698 0.9061613 0.9885709 0.9875125 0.9569339 0.9386465 0.8794033 0.8620028 0.8705235 0.8408989 0.8776256 0.8653913 0.8614680 0.8096294 0.8102201 1.0180024 1.0374336 1.0144792 1.0146894 1.0054567 1.0071262 1.0077516 1.0258094 1.0142297 0.9143760 0.9166960 0.9702806 0.8708155 0.9877384 1.0629688 0.9517812 0.9517812 1.1205410 1.1021925 1.2429874 1.1715084 0.9693872 1.1330788 1.1451404 1.1161850 0.9836796 0.9830576 1.0621514 1.0614645 1.0837308 1.0837308 1.0837308 1.1371680 1.1016376 1.0465792 1.0465792 1.0407113 1.0179545 1.2281044 1.2281044 1.0481937 1.2073738 1.1657177 1.1985624 1.1504154 1.2391420 1.1753876 1.2886030 1.1316779 1.1316779 1.1122151 1.1122151 1.2311629 1.1424271 1.2169612 1.2109789 1.2666379 1.2170985 1.2572349 1.2572349 1.0578462 1.1740619 1.1649416 1.2120792 1.0779392 1.0723288 1.0741377 1.1903810 1.2099829 1.2099829 1.3546515 1.6249437 1.3574250 1.4267281 
XP_010510430.1|Camelina_sativa                                              0.1288649 0.0000010 0.0000000 0.0286085 0.0285451 0.0249719 0.0249167 0.0797675 0.0795818 0.2013195 0.2243561 0.2237701 0.2335126 0.2328990 0.2287441 0.2281424 0.2028111 0.2022825 0.2321620 0.2624539 0.2479768 0.3209367 0.2785971 0.5355871 1.0379482 1.0379482 1.1231219 1.0308827 1.0342036 1.0402616 1.0342036 1.0402616 1.0335741 1.0274943 1.0220789 0.9425309 0.9616118 0.9850072 0.9767483 1.0346456 1.0344312 0.9841508 0.9891753 0.9962003 1.0402591 1.0140999 1.0097676 1.0267187 1.0478413 1.0845818 1.0542387 1.0622858 1.1296390 0.9433286 0.9056609 0.8915705 0.9229000 0.8609462 0.8781191 0.8312527 0.8480610 0.8957199 0.8521461 0.8835775 0.8878698 0.9061613 0.9885709 0.9875125 0.9569339 0.9386465 0.8794033 0.8620028 0.8705235 0.8408989 0.8776256 0.8653913 0.8614680 0.8096294 0.8102201 1.0180024 1.0374336 1.0144792 1.0146894 1.0054567 1.0071262 1.0077516 1.0258094 1.0142297 0.9143760 0.9166960 0.9702806 0.8708155 0.9877384 1.0629688 0.9517812 0.9517812 1.1205410 1.1021925 1.2429874 1.1715084 0.9693872 1.1330788 1.1451404 1.1161850 0.9836796 0.9830576 1.0621514 1.0614645 1.0837308 1.0837308 1.0837308 1.1371680 1.1016376 1.0465792 1.0465792 1.0407113 1.0179545 1.2281044 1.2281044 1.0481937 1.2073738 1.1657177 1.1985624 1.1504154 1.2391420 1.1753876 1.2886030 1.1316779 1.1316779 1.1122151 1.1122151 1.2311629 1.1424271 1.2169612 1.2109789 1.2666379 1.2170985 1.2572349 1.2572349 1.0578462 1.1740619 1.1649416 1.2120792 1.0779392 1.0723288 1.0741377 1.1903810 1.2099829 1.2099829 1.3546515 1.6249437 1.3574250 1.4267281 
XP_019092715.1|Camelina_sativa                                              0.1298927 0.0286085 0.0286085 0.0000000 0.0000010 0.0212789 0.0212789 0.0759886 0.0759886 0.2094501 0.2237592 0.2237592 0.2317229 0.2317229 0.2269973 0.2269973 0.1969179 0.1969179 0.2399647 0.2727304 0.2561202 0.3293968 0.2736990 0.5435575 1.0432869 1.0432869 1.1289936 1.0261204 1.0379047 1.0439871 1.0379047 1.0439871 1.0267729 1.0207475 1.0282875 0.9437941 0.9629020 0.9980146 1.0087725 1.0478196 1.0478564 0.9963476 1.0016134 1.0087317 1.0552529 1.0203119 1.0211408 1.0265773 1.0563907 1.0784055 1.0509049 1.0606803 1.1243963 0.9351648 0.9278515 0.9132731 0.9444003 0.8648110 0.8820569 0.8368566 0.8537585 0.8888433 0.8656795 0.8763689 0.8806299 0.8991074 0.9880699 0.9897298 0.9749523 0.9789026 0.8847285 0.8673433 0.8737252 0.8422606 0.8733458 0.8461993 0.8565895 0.8094262 0.8099846 1.0356963 1.0478560 1.0209023 1.0211157 1.0139861 1.0235576 1.0221559 1.0224466 1.0268259 0.9294794 0.9318944 0.9850425 0.8707913 0.9945559 1.0784547 0.9451908 0.9451908 1.1306045 1.1118367 1.2234111 1.1547776 0.9635387 1.1146428 1.1298257 1.0978885 1.0059459 0.9775684 1.0568891 1.0497864 1.1160011 1.1160011 1.1160011 1.1643664 1.1135812 1.0400942 1.0400942 1.0423876 1.0251791 1.2328746 1.2328746 1.0612823 1.2164892 1.2081085 1.2132258 1.1631356 1.2466427 1.1951925 1.3086405 1.1523859 1.1523859 1.1207089 1.1207089 1.2165570 1.1486242 1.2300932 1.2014925 1.2423852 1.2268671 1.2633703 1.2633703 1.0791677 1.1995264 1.1901487 1.2328078 1.1094649 1.0999949 1.1031938 1.1963221 1.2065455 1.2065455 1.3661489 1.6241683 1.3732213 1.4102832 
XP_010466411.1|Camelina_sativa                                              0.1298927 0.0286085 0.0285451 0.0000010 0.0000000 0.0212789 0.0212321 0.0759886 0.0758119 0.2094501 0.2237592 0.2231785 0.2317229 0.2311191 0.2269973 0.2264054 0.1969179 0.1964098 0.2399647 0.2727304 0.2561202 0.3293968 0.2736990 0.5435575 1.0432869 1.0432869 1.1289936 1.0261204 1.0379047 1.0439871 1.0379047 1.0439871 1.0267729 1.0207475 1.0282875 0.9437941 0.9629020 0.9980146 1.0087725 1.0478196 1.0478564 0.9963476 1.0016134 1.0087317 1.0552529 1.0203119 1.0211408 1.0265773 1.0563907 1.0784055 1.0509049 1.0606803 1.1243963 0.9351648 0.9278515 0.9132731 0.9444003 0.8648110 0.8820569 0.8368566 0.8537585 0.8888433 0.8656795 0.8763689 0.8806299 0.8991074 0.9880699 0.9897298 0.9749523 0.9789026 0.8847285 0.8673433 0.8737252 0.8422606 0.8733458 0.8461993 0.8565895 0.8094262 0.8099846 1.0356963 1.0478560 1.0209023 1.0211157 1.0139861 1.0235576 1.0221559 1.0224466 1.0268259 0.9294794 0.9318944 0.9850425 0.8707913 0.9945559 1.0784547 0.9451908 0.9451908 1.1306045 1.1118367 1.2234111 1.1547776 0.9635387 1.1146428 1.1298257 1.0978885 1.0059459 0.9775684 1.0568891 1.0497864 1.1160011 1.1160011 1.1160011 1.1643664 1.1135812 1.0400942 1.0400942 1.0423876 1.0251791 1.2328746 1.2328746 1.0612823 1.2164892 1.2081085 1.2132258 1.1631356 1.2466427 1.1951925 1.3086405 1.1523859 1.1523859 1.1207089 1.1207089 1.2165570 1.1486242 1.2300932 1.2014925 1.2423852 1.2268671 1.2633703 1.2633703 1.0791677 1.1995264 1.1901487 1.2328078 1.1094649 1.0999949 1.1031938 1.1963221 1.2065455 1.2065455 1.3661489 1.6241683 1.3732213 1.4102832 
XP_010488183.1|Camelina_sativa                                              0.1363207 0.0249719 0.0249719 0.0212789 0.0212789 0.0000000 0.0000010 0.0833936 0.0833936 0.2122637 0.2241448 0.2241448 0.2345082 0.2345082 0.2294017 0.2294017 0.2007073 0.2007073 0.2473736 0.2780716 0.2608452 0.3378415 0.2887163 0.5443984 1.0504356 1.0504356 1.1375173 1.0320637 1.0371619 1.0432626 1.0371619 1.0432626 1.0252703 1.0192109 1.0228936 0.9336268 0.9507237 0.9902297 0.9952578 1.0312661 1.0309865 0.9758478 0.9857561 0.9927916 1.0431847 1.0113186 1.0094342 1.0201793 1.0441015 1.0727712 1.0448442 1.0459913 1.1204132 0.9402275 0.9128980 0.8985896 0.9469225 0.8682047 0.8855311 0.8497930 0.8668969 0.8898840 0.8489671 0.8920845 0.8964457 0.9149458 1.0007623 1.0017315 0.9897030 0.9709210 0.8854478 0.8679711 0.8743876 0.8427558 0.8791480 0.8693483 0.8560395 0.8187532 0.8228580 1.0246369 1.0539035 1.0359547 1.0361769 1.0287949 1.0284031 1.0269792 1.0368786 1.0410471 0.9381074 0.9405784 0.9943773 0.8876549 0.9862206 1.0791185 0.9561516 0.9561516 1.1244727 1.1117847 1.2396669 1.1705248 0.9721636 1.1292933 1.1343513 1.1123622 0.9862893 0.9788003 1.0589009 1.0550077 1.1034031 1.1034031 1.1034031 1.1555220 1.1061274 1.0400413 1.0400413 1.0418225 1.0349667 1.2394313 1.2394313 1.0673611 1.2237037 1.1764222 1.2136867 1.1634566 1.2537224 1.1999864 1.3133729 1.1572562 1.1572562 1.1234056 1.1234056 1.2292346 1.1656265 1.2310402 1.2078220 1.2545188 1.2191483 1.2573720 1.2573720 1.0695749 1.2089133 1.1994108 1.2456809 1.1100912 1.1051801 1.1072517 1.2001644 1.2113568 1.2113568 1.3624043 1.6318464 1.3841956 1.4325027 
XP_010488182.1|Camelina_sativa                                              0.1363207 0.0249719 0.0249167 0.0212789 0.0212321 0.0000010 0.0000000 0.0833936 0.0832001 0.2122637 0.2241448 0.2235618 0.2345082 0.2338959 0.2294017 0.2288032 0.2007073 0.2001909 0.2473736 0.2780716 0.2608452 0.3378415 0.2887163 0.5443984 1.0504356 1.0504356 1.1375173 1.0320637 1.0371619 1.0432626 1.0371619 1.0432626 1.0252703 1.0192109 1.0228936 0.9336268 0.9507237 0.9902297 0.9952578 1.0312661 1.0309865 0.9758478 0.9857561 0.9927916 1.0431847 1.0113186 1.0094342 1.0201793 1.0441015 1.0727712 1.0448442 1.0459913 1.1204132 0.9402275 0.9128980 0.8985896 0.9469225 0.8682047 0.8855311 0.8497930 0.8668969 0.8898840 0.8489671 0.8920845 0.8964457 0.9149458 1.0007623 1.0017315 0.9897030 0.9709210 0.8854478 0.8679711 0.8743876 0.8427558 0.8791480 0.8693483 0.8560395 0.8187532 0.8228580 1.0246369 1.0539035 1.0359547 1.0361769 1.0287949 1.0284031 1.0269792 1.0368786 1.0410471 0.9381074 0.9405784 0.9943773 0.8876549 0.9862206 1.0791185 0.9561516 0.9561516 1.1244727 1.1117847 1.2396669 1.1705248 0.9721636 1.1292933 1.1343513 1.1123622 0.9862893 0.9788003 1.0589009 1.0550077 1.1034031 1.1034031 1.1034031 1.1555220 1.1061274 1.0400413 1.0400413 1.0418225 1.0349667 1.2394313 1.2394313 1.0673611 1.2237037 1.1764222 1.2136867 1.1634566 1.2537224 1.1999864 1.3133729 1.1572562 1.1572562 1.1234056 1.1234056 1.2292346 1.1656265 1.2310402 1.2078220 1.2545188 1.2191483 1.2573720 1.2573720 1.0695749 1.2089133 1.1994108 1.2456809 1.1100912 1.1051801 1.1072517 1.2001644 1.2113568 1.2113568 1.3624043 1.6318464 1.3841956 1.4325027 
XP_023641807.1|Capsella_rubella                                             0.1315693 0.0797675 0.0797675 0.0759886 0.0759886 0.0833936 0.0833936 0.0000000 0.0000010 0.1872314 0.2184241 0.2184241 0.2126508 0.2126508 0.2092721 0.2092721 0.1974590 0.1974590 0.2365363 0.2834898 0.2576178 0.3246225 0.2676714 0.5462716 1.0378174 1.0378174 1.1239814 1.0203022 1.0548017 1.0610337 1.0548017 1.0610337 1.0547719 1.0485267 1.0087148 0.9479316 0.9657609 0.9748381 0.9772694 1.0268563 1.0072615 0.9628353 0.9813896 0.9738791 1.0690549 1.0247204 1.0021098 1.0582887 1.0479022 1.0830885 1.0487627 1.0568844 1.0980294 0.9286435 0.8846884 0.8778265 0.9274363 0.8405998 0.8576538 0.8144942 0.8311234 0.8841797 0.8489025 0.8588100 0.8630512 0.8959322 0.9709858 0.9720538 1.0039015 0.9853367 0.8824253 0.8649833 0.8751866 0.8432025 0.8713418 0.8879656 0.8835485 0.8232869 0.8148141 1.0135002 1.0232353 1.0051071 1.0053148 0.9981754 1.0233327 1.0199295 1.0270676 1.0060117 0.8874291 0.8905327 0.9468166 0.8664223 0.9749111 1.0689695 0.9356835 0.9356835 1.1071095 1.0913937 1.2031563 1.1349766 0.9534592 1.1315788 1.1532740 1.1144703 0.9665733 0.9553404 1.0304590 1.0685558 1.0796468 1.0796468 1.0796468 1.1516931 1.0744132 1.0472020 1.0472020 1.0389103 1.0254091 1.2240001 1.2240001 1.0287897 1.2287026 1.2087295 1.2304161 1.1862177 1.2555542 1.2145750 1.3342980 1.1881983 1.1881983 1.1477575 1.1477575 1.2223848 1.1445090 1.2151488 1.1962990 1.2438664 1.2160332 1.2832932 1.2832932 1.0844925 1.1946138 1.1852371 1.2204570 1.0915726 1.0899011 1.0910147 1.2207791 1.2107065 1.2107065 1.3488191 1.6253263 1.3478787 1.4419173 
XP_023641806.1|Capsella_rubella                                             0.1315693 0.0797675 0.0795818 0.0759886 0.0758119 0.0833936 0.0832001 0.0000010 0.0000000 0.1872314 0.2184241 0.2178508 0.2126508 0.2120947 0.2092721 0.2087263 0.1974590 0.1969441 0.2365363 0.2834898 0.2576178 0.3246225 0.2676714 0.5462716 1.0378174 1.0378174 1.1239814 1.0203022 1.0548017 1.0610337 1.0548017 1.0610337 1.0547719 1.0485267 1.0087148 0.9479316 0.9657609 0.9748381 0.9772694 1.0268563 1.0072615 0.9628353 0.9813896 0.9738791 1.0690549 1.0247204 1.0021098 1.0582887 1.0479022 1.0830885 1.0487627 1.0568844 1.0980294 0.9286435 0.8846884 0.8778265 0.9274363 0.8405998 0.8576538 0.8144942 0.8311234 0.8841797 0.8489025 0.8588100 0.8630512 0.8959322 0.9709858 0.9720538 1.0039015 0.9853367 0.8824253 0.8649833 0.8751866 0.8432025 0.8713418 0.8879656 0.8835485 0.8232869 0.8148141 1.0135002 1.0232353 1.0051071 1.0053148 0.9981754 1.0233327 1.0199295 1.0270676 1.0060117 0.8874291 0.8905327 0.9468166 0.8664223 0.9749111 1.0689695 0.9356835 0.9356835 1.1071095 1.0913937 1.2031563 1.1349766 0.9534592 1.1315788 1.1532740 1.1144703 0.9665733 0.9553404 1.0304590 1.0685558 1.0796468 1.0796468 1.0796468 1.1516931 1.0744132 1.0472020 1.0472020 1.0389103 1.0254091 1.2240001 1.2240001 1.0287897 1.2287026 1.2087295 1.2304161 1.1862177 1.2555542 1.2145750 1.3342980 1.1881983 1.1881983 1.1477575 1.1477575 1.2223848 1.1445090 1.2151488 1.1962990 1.2438664 1.2160332 1.2832932 1.2832932 1.0844925 1.1946138 1.1852371 1.2204570 1.0915726 1.0899011 1.0910147 1.2207791 1.2107065 1.2107065 1.3488191 1.6253263 1.3478787 1.4419173 
XP_006406249.1|Eutrema_salsugineum                                          0.1920727 0.2013195 0.2013195 0.2094501 0.2094501 0.2122637 0.2122637 0.1872314 0.1872314 0.0000000 0.2080635 0.2080635 0.1954002 0.1954002 0.1980897 0.1980897 0.1816391 0.1816391 0.2826100 0.3277385 0.2946592 0.3724220 0.3335279 0.5282275 1.0422248 1.0422248 1.1286178 1.0363106 1.0286910 1.0348139 1.0286910 1.0348139 1.0457011 1.0395056 1.0120958 0.9346163 0.9477717 0.9697194 0.9468132 0.9795830 0.9542599 0.9278228 0.9331274 0.9259371 0.9916188 0.9540580 0.9789884 1.0073282 0.9916039 1.1023322 1.0514261 1.0635529 1.1071572 0.9422360 0.8844702 0.8757367 0.8925587 0.8189857 0.8383664 0.7997660 0.8187922 0.8379576 0.8413578 0.8608873 0.8650868 0.8728913 0.9505072 0.9517618 0.9538017 0.9387389 0.8547016 0.8293626 0.8398420 0.8061664 0.8301552 0.8077838 0.8173224 0.8229368 0.8346173 1.0069117 1.0547155 0.9388674 0.9272250 0.9345541 0.9656424 0.9777757 0.9590504 0.9709638 0.8745666 0.8656144 0.9175643 0.8266185 0.9162556 1.0546905 0.9157289 0.9157289 1.0726733 1.0989085 1.1490099 1.0803926 0.9768476 1.0841609 1.0934777 1.0676408 0.9270468 0.9836143 1.0518157 1.0489311 1.0046970 1.0046970 1.0046970 1.0758584 1.0386645 1.0089357 1.0089357 1.0152455 1.0462528 1.1746661 1.1746661 1.0714220 1.1896133 1.2173672 1.2098637 1.1710750 1.2652143 1.2055026 1.3379067 1.1527437 1.1527437 1.1060435 1.1060435 1.2271093 1.2211496 1.2138783 1.1957129 1.2299856 1.2363452 1.2794342 1.2794342 1.0515123 1.1791370 1.1681111 1.2025488 1.1312267 1.1212707 1.1112978 1.1822615 1.1863333 1.1863333 1.1878197 1.5233120 1.4338425 1.4468203 
XP_013692606.1|Brassica_napus                                               0.2131264 0.2243561 0.2243561 0.2237592 0.2237592 0.2241448 0.2241448 0.2184241 0.2184241 0.2080635 0.0000000 0.0000010 0.0500840 0.0500840 0.0444103 0.0444103 0.0836396 0.0836396 0.2819771 0.3359304 0.3041628 0.3840525 0.3189982 0.5603229 0.9677946 0.9677946 1.0439763 0.9817235 0.9947679 1.0006855 0.9947679 1.0006855 1.0040504 0.9980958 0.9858750 0.9524405 0.9630976 0.9778233 0.9896258 1.0326872 1.0307401 0.9948144 0.9938014 0.9902404 0.9998234 0.9696737 0.9547521 1.0203275 1.0300273 1.0700672 1.0732974 1.0906054 1.1098064 0.9454989 0.8905371 0.8743731 0.8902854 0.8147854 0.8273977 0.8220925 0.8346174 0.8528959 0.8363325 0.8676969 0.8719459 0.8733579 0.9803291 0.9799116 0.9595821 0.9333199 0.8892037 0.8765075 0.8674650 0.8501610 0.8597097 0.8582471 0.8605039 0.8081642 0.8145449 0.9860637 0.9830533 0.9806668 0.9686392 0.9680233 0.9648094 0.9719704 1.0051246 0.9720997 0.8752093 0.8703099 0.9653551 0.8506300 0.9620433 1.0600072 0.9190586 0.9190586 1.0268755 1.1105473 1.1478098 1.0877326 0.9810387 1.1671405 1.1951502 1.1535108 0.9467600 0.9746899 1.0876420 1.0362311 1.0655972 1.0655972 1.0655972 1.1370102 1.1061539 1.0361346 1.0361346 1.0717626 1.0642031 1.2444852 1.2444852 1.1632779 1.2249553 1.2013685 1.2115949 1.1819869 1.2921812 1.2297655 1.3756766 1.1678218 1.1678218 1.0776275 1.0776275 1.2455359 1.1928886 1.2051039 1.1829045 1.2047136 1.2765463 1.3020061 1.3020061 1.1283811 1.1986367 1.1991749 1.2439802 1.1547006 1.1430928 1.1294169 1.2107012 1.2112204 1.2112204 1.2455627 1.5324996 1.3585382 1.4184037 
XP_013692605.1|Brassica_napus                                               0.2131264 0.2243561 0.2237701 0.2237592 0.2231785 0.2241448 0.2235618 0.2184241 0.2178508 0.2080635 0.0000010 0.0000000 0.0500840 0.0499695 0.0444103 0.0443088 0.0836396 0.0834409 0.2819771 0.3359304 0.3041628 0.3840525 0.3189982 0.5603229 0.9677946 0.9677946 1.0439763 0.9817235 0.9947679 1.0006855 0.9947679 1.0006855 1.0040504 0.9980958 0.9858750 0.9524405 0.9630976 0.9778233 0.9896258 1.0326872 1.0307401 0.9948144 0.9938014 0.9902404 0.9998234 0.9696737 0.9547521 1.0203275 1.0300273 1.0700672 1.0732974 1.0906054 1.1098064 0.9454989 0.8905371 0.8743731 0.8902854 0.8147854 0.8273977 0.8220925 0.8346174 0.8528959 0.8363325 0.8676969 0.8719459 0.8733579 0.9803291 0.9799116 0.9595821 0.9333199 0.8892037 0.8765075 0.8674650 0.8501610 0.8597097 0.8582471 0.8605039 0.8081642 0.8145449 0.9860637 0.9830533 0.9806668 0.9686392 0.9680233 0.9648094 0.9719704 1.0051246 0.9720997 0.8752093 0.8703099 0.9653551 0.8506300 0.9620433 1.0600072 0.9190586 0.9190586 1.0268755 1.1105473 1.1478098 1.0877326 0.9810387 1.1671405 1.1951502 1.1535108 0.9467600 0.9746899 1.0876420 1.0362311 1.0655972 1.0655972 1.0655972 1.1370102 1.1061539 1.0361346 1.0361346 1.0717626 1.0642031 1.2444852 1.2444852 1.1632779 1.2249553 1.2013685 1.2115949 1.1819869 1.2921812 1.2297655 1.3756766 1.1678218 1.1678218 1.0776275 1.0776275 1.2455359 1.1928886 1.2051039 1.1829045 1.2047136 1.2765463 1.3020061 1.3020061 1.1283811 1.1986367 1.1991749 1.2439802 1.1547006 1.1430928 1.1294169 1.2107012 1.2112204 1.2112204 1.2455627 1.5324996 1.3585382 1.4184037 
XP_013743114.1                                                              0.2154771 0.2335126 0.2335126 0.2317229 0.2317229 0.2345082 0.2345082 0.2126508 0.2126508 0.1954002 0.0500840 0.0500840 0.0000000 0.0000010 0.0089114 0.0089114 0.0818993 0.0818993 0.2928006 0.3491757 0.3197498 0.3932723 0.3303841 0.5479796 0.9578518 0.9578518 1.0334986 0.9671879 0.9841811 0.9900920 0.9841811 0.9900920 1.0063831 1.0003810 0.9716277 0.9362820 0.9358172 0.9470585 0.9579451 0.9845291 0.9841017 0.9525725 0.9473729 0.9407877 0.9905941 0.9599629 0.9570979 1.0251837 0.9967819 1.0252481 1.0423293 1.0591708 1.0954691 0.9333775 0.8727865 0.8615223 0.8827390 0.8143705 0.8270823 0.8023612 0.8148669 0.8558383 0.8261757 0.8467724 0.8509651 0.8616927 0.9729160 0.9737948 0.9485922 0.9262456 0.8941065 0.8812618 0.8681140 0.8485628 0.8563116 0.8388019 0.8414601 0.7852543 0.7915849 0.9690940 0.9648777 0.9795743 0.9674650 0.9755389 0.9666263 0.9775047 1.0200410 0.9813797 0.8837571 0.8801143 0.9715964 0.8727908 0.9598465 1.0487796 0.9090156 0.9090156 1.0274621 1.1113468 1.1303459 1.0703093 0.9948120 1.1550392 1.1824138 1.1414239 0.9297905 0.9779689 1.0760367 1.0478680 1.0810835 1.0810835 1.0810835 1.1407123 1.0737228 1.0190705 1.0190705 1.0555490 1.0636279 1.2240867 1.2240867 1.1560588 1.1929235 1.1697031 1.1767031 1.1602493 1.2605494 1.1986430 1.3514155 1.1632102 1.1632102 1.0841317 1.0841317 1.2291540 1.1792926 1.2082798 1.1295503 1.1607093 1.2952352 1.3093643 1.3093643 1.1381855 1.1971271 1.1976670 1.2426770 1.1652363 1.1497267 1.1373597 1.1786703 1.2038331 1.2038331 1.2402284 1.5582782 1.3893103 1.4196032 
XP_013743113.1|Brassica_napus                                               0.2154771 0.2335126 0.2328990 0.2317229 0.2311191 0.2345082 0.2338959 0.2126508 0.2120947 0.1954002 0.0500840 0.0499695 0.0000010 0.0000000 0.0089114 0.0088916 0.0818993 0.0817047 0.2928006 0.3491757 0.3197498 0.3932723 0.3303841 0.5479796 0.9578518 0.9578518 1.0334986 0.9671879 0.9841811 0.9900920 0.9841811 0.9900920 1.0063831 1.0003810 0.9716277 0.9362820 0.9358172 0.9470585 0.9579451 0.9845291 0.9841017 0.9525725 0.9473729 0.9407877 0.9905941 0.9599629 0.9570979 1.0251837 0.9967819 1.0252481 1.0423293 1.0591708 1.0954691 0.9333775 0.8727865 0.8615223 0.8827390 0.8143705 0.8270823 0.8023612 0.8148669 0.8558383 0.8261757 0.8467724 0.8509651 0.8616927 0.9729160 0.9737948 0.9485922 0.9262456 0.8941065 0.8812618 0.8681140 0.8485628 0.8563116 0.8388019 0.8414601 0.7852543 0.7915849 0.9690940 0.9648777 0.9795743 0.9674650 0.9755389 0.9666263 0.9775047 1.0200410 0.9813797 0.8837571 0.8801143 0.9715964 0.8727908 0.9598465 1.0487796 0.9090156 0.9090156 1.0274621 1.1113468 1.1303459 1.0703093 0.9948120 1.1550392 1.1824138 1.1414239 0.9297905 0.9779689 1.0760367 1.0478680 1.0810835 1.0810835 1.0810835 1.1407123 1.0737228 1.0190705 1.0190705 1.0555490 1.0636279 1.2240867 1.2240867 1.1560588 1.1929235 1.1697031 1.1767031 1.1602493 1.2605494 1.1986430 1.3514155 1.1632102 1.1632102 1.0841317 1.0841317 1.2291540 1.1792926 1.2082798 1.1295503 1.1607093 1.2952352 1.3093643 1.3093643 1.1381855 1.1971271 1.1976670 1.2426770 1.1652363 1.1497267 1.1373597 1.1786703 1.2038331 1.2038331 1.2402284 1.5582782 1.3893103 1.4196032 
XP_009145469.1|Brassica_rapa                                                0.2091003 0.2287441 0.2287441 0.2269973 0.2269973 0.2294017 0.2294017 0.2092721 0.2092721 0.1980897 0.0444103 0.0444103 0.0089114 0.0089114 0.0000000 0.0000010 0.0715407 0.0715407 0.2953003 0.3528414 0.3206178 0.3936546 0.3333779 0.5324244 0.9601700 0.9601700 1.0362956 0.9549536 0.9698625 0.9757319 0.9698625 0.9757319 0.9877557 0.9818097 0.9627760 0.9418278 0.9472709 0.9464800 0.9617158 0.9888157 0.9884581 0.9511785 0.9513303 0.9446929 0.9742539 0.9431479 0.9369162 1.0094064 0.9812555 1.0288679 1.0370716 1.0539146 1.0836193 0.9201396 0.8549981 0.8440120 0.8578047 0.7856383 0.7981052 0.7868378 0.7992082 0.8477978 0.7994407 0.8376261 0.8417836 0.8524752 0.9604038 0.9613212 0.9381687 0.9151724 0.8818913 0.8691371 0.8561610 0.8366709 0.8551629 0.8448866 0.8475807 0.7847332 0.7910768 0.9492728 0.9447047 0.9701942 0.9580739 0.9662132 0.9645993 0.9755052 1.0127147 0.9824202 0.8762795 0.8726265 0.9674709 0.8616685 0.9451313 1.0411120 0.9020233 0.9020233 1.0088176 1.1090401 1.1483312 1.0880449 0.9944365 1.1541131 1.1812804 1.1404973 0.9111209 0.9429209 1.0625184 1.0257012 1.0746736 1.0746736 1.0746736 1.1271976 1.0565050 1.0173412 1.0173412 1.0414391 1.0750856 1.2064049 1.2064049 1.1584421 1.1978679 1.1620826 1.1816492 1.1437708 1.2730994 1.1819141 1.3349845 1.1556655 1.1556655 1.0775279 1.0775279 1.2235640 1.1725842 1.2021452 1.1362917 1.1672658 1.2992762 1.3132989 1.3132989 1.1381623 1.1868618 1.1873938 1.2321486 1.1557806 1.1404250 1.1280887 1.1594928 1.1871373 1.1871373 1.2292421 1.5356031 1.3865195 1.3892668 
XP_009145467.1|Brassica_rapa                                                0.2091003 0.2287441 0.2281424 0.2269973 0.2264054 0.2294017 0.2288032 0.2092721 0.2087263 0.1980897 0.0444103 0.0443088 0.0089114 0.0088916 0.0000010 0.0000000 0.0715407 0.0713721 0.2953003 0.3528414 0.3206178 0.3936546 0.3333779 0.5324244 0.9601700 0.9601700 1.0362956 0.9549536 0.9698625 0.9757319 0.9698625 0.9757319 0.9877557 0.9818097 0.9627760 0.9418278 0.9472709 0.9464800 0.9617158 0.9888157 0.9884581 0.9511785 0.9513303 0.9446929 0.9742539 0.9431479 0.9369162 1.0094064 0.9812555 1.0288679 1.0370716 1.0539146 1.0836193 0.9201396 0.8549981 0.8440120 0.8578047 0.7856383 0.7981052 0.7868378 0.7992082 0.8477978 0.7994407 0.8376261 0.8417836 0.8524752 0.9604038 0.9613212 0.9381687 0.9151724 0.8818913 0.8691371 0.8561610 0.8366709 0.8551629 0.8448866 0.8475807 0.7847332 0.7910768 0.9492728 0.9447047 0.9701942 0.9580739 0.9662132 0.9645993 0.9755052 1.0127147 0.9824202 0.8762795 0.8726265 0.9674709 0.8616685 0.9451313 1.0411120 0.9020233 0.9020233 1.0088176 1.1090401 1.1483312 1.0880449 0.9944365 1.1541131 1.1812804 1.1404973 0.9111209 0.9429209 1.0625184 1.0257012 1.0746736 1.0746736 1.0746736 1.1271976 1.0565050 1.0173412 1.0173412 1.0414391 1.0750856 1.2064049 1.2064049 1.1584421 1.1978679 1.1620826 1.1816492 1.1437708 1.2730994 1.1819141 1.3349845 1.1556655 1.1556655 1.0775279 1.0775279 1.2235640 1.1725842 1.2021452 1.1362917 1.1672658 1.2992762 1.3132989 1.3132989 1.1381623 1.1868618 1.1873938 1.2321486 1.1557806 1.1404250 1.1280887 1.1594928 1.1871373 1.1871373 1.2292421 1.5356031 1.3865195 1.3892668 
XP_018485899.1|Raphanus_sativus                                             0.2090346 0.2028111 0.2028111 0.1969179 0.1969179 0.2007073 0.2007073 0.1974590 0.1974590 0.1816391 0.0836396 0.0836396 0.0818993 0.0818993 0.0715407 0.0715407 0.0000000 0.0000010 0.2759745 0.3287228 0.2934946 0.3719070 0.3160571 0.5508688 0.9813373 0.9813373 1.0596943 0.9650510 0.9816634 0.9875589 0.9816634 0.9875589 0.9767965 0.9709195 0.9480243 0.9069345 0.9100942 0.9524580 0.9754361 0.9634987 0.9558310 0.9185325 0.9275811 0.9223344 0.9904658 0.9564829 0.9588842 0.9743291 0.9932366 1.0159265 1.0074301 1.0259772 1.0542822 0.8935080 0.8778632 0.8580770 0.8552392 0.7732517 0.7855666 0.7761474 0.7884131 0.8607879 0.8008693 0.8392853 0.8434360 0.8624056 0.9445586 0.9645534 0.9187829 0.9083745 0.8490470 0.8366942 0.8174353 0.8052656 0.8452988 0.8483469 0.8484348 0.7749637 0.7812074 0.9710350 0.9296632 0.9925246 0.9803036 0.9883549 0.9900057 1.0024018 1.0186081 0.9979902 0.9081397 0.9038049 0.9743711 0.8711160 0.9590899 1.0412170 0.8972653 0.8972653 1.0252732 1.1214436 1.1527785 1.0905700 0.9715409 1.1301058 1.1499840 1.1149209 0.9007139 0.9567054 1.0073478 1.0504369 1.0648305 1.0648305 1.0648305 1.1263993 1.0568992 1.0317351 1.0317351 1.0397619 1.0143099 1.2206155 1.2206155 1.1115583 1.2029312 1.1491122 1.1672588 1.1325304 1.2461518 1.1756976 1.3525786 1.1245381 1.1245381 1.0638529 1.0638529 1.2196548 1.1741535 1.2033493 1.1613643 1.2045582 1.2532541 1.2886306 1.2886306 1.0801543 1.1748078 1.1684810 1.2121022 1.1306997 1.1044542 1.0917359 1.1994507 1.1690712 1.1690712 1.2602819 1.5477808 1.4584355 1.4310660 
XP_018485898.1|Raphanus_sativus                                             0.2090346 0.2028111 0.2022825 0.1969179 0.1964098 0.2007073 0.2001909 0.1974590 0.1969441 0.1816391 0.0836396 0.0834409 0.0818993 0.0817047 0.0715407 0.0713721 0.0000010 0.0000000 0.2759745 0.3287228 0.2934946 0.3719070 0.3160571 0.5508688 0.9813373 0.9813373 1.0596943 0.9650510 0.9816634 0.9875589 0.9816634 0.9875589 0.9767965 0.9709195 0.9480243 0.9069345 0.9100942 0.9524580 0.9754361 0.9634987 0.9558310 0.9185325 0.9275811 0.9223344 0.9904658 0.9564829 0.9588842 0.9743291 0.9932366 1.0159265 1.0074301 1.0259772 1.0542822 0.8935080 0.8778632 0.8580770 0.8552392 0.7732517 0.7855666 0.7761474 0.7884131 0.8607879 0.8008693 0.8392853 0.8434360 0.8624056 0.9445586 0.9645534 0.9187829 0.9083745 0.8490470 0.8366942 0.8174353 0.8052656 0.8452988 0.8483469 0.8484348 0.7749637 0.7812074 0.9710350 0.9296632 0.9925246 0.9803036 0.9883549 0.9900057 1.0024018 1.0186081 0.9979902 0.9081397 0.9038049 0.9743711 0.8711160 0.9590899 1.0412170 0.8972653 0.8972653 1.0252732 1.1214436 1.1527785 1.0905700 0.9715409 1.1301058 1.1499840 1.1149209 0.9007139 0.9567054 1.0073478 1.0504369 1.0648305 1.0648305 1.0648305 1.1263993 1.0568992 1.0317351 1.0317351 1.0397619 1.0143099 1.2206155 1.2206155 1.1115583 1.2029312 1.1491122 1.1672588 1.1325304 1.2461518 1.1756976 1.3525786 1.1245381 1.1245381 1.0638529 1.0638529 1.2196548 1.1741535 1.2033493 1.1613643 1.2045582 1.2532541 1.2886306 1.2886306 1.0801543 1.1748078 1.1684810 1.2121022 1.1306997 1.1044542 1.0917359 1.1994507 1.1690712 1.1690712 1.2602819 1.5477808 1.4584355 1.4310660 
XP_010488178.1|Camelina_sativa                                              0.2414499 0.2321620 0.2321620 0.2399647 0.2399647 0.2473736 0.2473736 0.2365363 0.2365363 0.2826100 0.2819771 0.2819771 0.2928006 0.2928006 0.2953003 0.2953003 0.2759745 0.2759745 0.0000000 0.0603928 0.0569655 0.1232174 0.1472610 0.5398305 1.0127960 1.0127960 1.1048224 1.0305736 1.0261251 1.0324366 1.0261251 1.0324366 1.0551043 1.0486625 1.0405652 0.9937005 1.0135983 1.0102157 1.0077099 1.0263815 1.0199449 0.9615112 0.9803779 0.9790931 1.0216435 1.0050016 1.0125147 0.9969859 1.0965607 1.1116422 1.0868936 1.1017679 1.1342654 0.9478711 0.9092712 0.8954271 0.9529372 0.9281904 0.9281904 0.8856296 0.8856296 0.9160046 0.8727424 0.8817309 0.8862321 0.8867733 0.9973263 0.9987883 0.9353814 0.9792824 0.9236620 0.9011025 0.8990464 0.8740231 0.8669163 0.9152675 0.9161539 0.8512913 0.8620934 0.9874927 1.0466223 1.0379942 1.0325731 1.0259775 1.0712409 1.0517328 1.0563015 1.0391037 0.9455138 0.9543315 1.0099193 0.9067296 1.0308108 1.0736592 0.9746607 0.9746607 1.1100088 1.1031999 1.1973196 1.1088276 0.9693391 1.0739630 1.0756708 1.0568303 1.0245038 1.0287340 1.1369502 1.1435849 1.1394801 1.1394801 1.1394801 1.1640956 1.1509838 1.0649413 1.0649413 1.0328085 1.0938118 1.2629423 1.2629423 1.1066842 1.2762759 1.2713134 1.2633941 1.2366080 1.2881816 1.2632592 1.4129847 1.1582983 1.1582983 1.1047797 1.1047797 1.2224112 1.1966345 1.2019784 1.2374462 1.2721207 1.3502490 1.3508061 1.3508061 1.1102986 1.2360251 1.2294737 1.2704143 1.1569092 1.1492327 1.1625206 1.1722043 1.2705830 1.2705830 1.3247485 1.5163408 1.3927377 1.3200361 
XP_010510418.1|Camelina_sativa                                              0.2893841 0.2624539 0.2624539 0.2727304 0.2727304 0.2780716 0.2780716 0.2834898 0.2834898 0.3277385 0.3359304 0.3359304 0.3491757 0.3491757 0.3528414 0.3528414 0.3287228 0.3287228 0.0603928 0.0000000 0.0752658 0.1328851 0.1629599 0.5825350 1.0922245 1.0922245 1.1941072 1.0958620 1.0793256 1.0857509 1.0793256 1.0857509 1.0918711 1.0853596 1.1149429 1.0040761 1.0418266 1.0904812 1.0645002 1.0757935 1.0609725 1.0123372 1.0248007 1.0268648 1.0929817 1.0723117 1.0602838 1.0467068 1.1400519 1.1739507 1.1586855 1.1724072 1.2066246 1.0116207 0.9730496 0.9580403 1.0132822 0.9895664 0.9895664 0.9359551 0.9359551 0.9543148 0.9432913 0.9297091 0.9343623 0.9531287 1.0580646 1.0746108 1.0085402 1.0411342 0.9945655 0.9729291 0.9713159 0.9397085 0.9548585 0.9689779 0.9610635 0.9034779 0.9119655 1.0314568 1.1074734 1.0642085 1.0587692 1.0520248 1.0853893 1.0584504 1.0947996 1.0964581 0.9983103 1.0076079 1.0622309 0.9507485 1.0753920 1.1145048 1.0622814 1.0622814 1.1580832 1.1535205 1.2709995 1.1792108 1.0507030 1.1831781 1.2074283 1.1650984 1.0627311 1.1052817 1.1847628 1.2230007 1.1962512 1.1962512 1.1962512 1.2214191 1.1836483 1.0992476 1.0992476 1.0867563 1.1766204 1.3146554 1.3146554 1.2049419 1.3437686 1.3546923 1.3651091 1.3240679 1.3388607 1.3244641 1.5037829 1.2317377 1.2317377 1.1727642 1.1727642 1.2565335 1.2608006 1.2483556 1.2783750 1.3163855 1.3571246 1.3971789 1.3971789 1.1703782 1.2588281 1.2463748 1.2932685 1.2055730 1.1912840 1.2047682 1.2174581 1.3201801 1.3201801 1.3935219 1.6338551 1.5109662 1.4004692 
XP_010466414.1|Camelina_sativa                                              0.2688233 0.2479768 0.2479768 0.2561202 0.2561202 0.2608452 0.2608452 0.2576178 0.2576178 0.2946592 0.3041628 0.3041628 0.3197498 0.3197498 0.3206178 0.3206178 0.2934946 0.2934946 0.0569655 0.0752658 0.0000000 0.1356421 0.1575397 0.5794569 1.0481231 1.0481231 1.1369636 1.0449613 1.0426440 1.0489273 1.0426440 1.0489273 1.0719250 1.0654938 1.0676799 0.9838158 1.0087414 1.0585272 1.0178358 1.0428198 1.0322703 0.9830918 0.9968404 0.9943228 1.0687932 1.0544931 1.0433949 1.0411809 1.1154044 1.1456331 1.1226123 1.1307210 1.1659369 0.9610490 0.9567610 0.9420078 0.9882356 0.9636810 0.9636810 0.9058843 0.9058843 0.9334441 0.9058268 0.9239163 0.9285884 0.9287082 1.0466788 1.0404749 0.9882733 1.0172912 0.9314978 0.9090885 0.9070148 0.8819735 0.8939790 0.9106580 0.9091022 0.8614392 0.8722068 1.0177156 1.0668395 1.0353923 1.0300410 1.0235418 1.0713955 1.0444419 1.0384925 1.0362879 0.9611368 0.9700205 1.0150171 0.9097873 1.0580589 1.1127792 1.0097280 1.0097280 1.1321313 1.1272310 1.1767076 1.0891390 1.0124200 1.0997411 1.1261259 1.0825890 1.0284719 1.0563821 1.1658891 1.1692800 1.1462337 1.1462337 1.1462337 1.1911041 1.2038261 1.1015255 1.1015255 1.0939097 1.1160208 1.2982539 1.2982539 1.1491799 1.3042289 1.3155903 1.3150610 1.2881087 1.3110541 1.2982589 1.4813735 1.1873447 1.1873447 1.1334868 1.1334868 1.2545057 1.2095216 1.2316945 1.2511495 1.2961040 1.3793420 1.3824590 1.3824590 1.1139310 1.2355119 1.2217224 1.2671292 1.1857925 1.1678390 1.1771225 1.2136192 1.2924087 1.2924087 1.3601203 1.5455077 1.5013603 1.3884754 
XP_010490292.2|Camelina_sativa                                              0.3368295 0.3209367 0.3209367 0.3293968 0.3293968 0.3378415 0.3378415 0.3246225 0.3246225 0.3724220 0.3840525 0.3840525 0.3932723 0.3932723 0.3936546 0.3936546 0.3719070 0.3719070 0.1232174 0.1328851 0.1356421 0.0000000 0.2336638 0.6205530 1.1119556 1.1119556 1.2192486 1.1436746 1.1230838 1.1298978 1.1230838 1.1298978 1.1658411 1.1588389 1.1520980 1.0933049 1.1181519 1.1289469 1.1190545 1.1446162 1.1287036 1.0777290 1.0904670 1.0848484 1.1563412 1.1252064 1.1196585 1.1028317 1.2478299 1.2187077 1.1859086 1.1937021 1.2367020 1.0732041 1.0321893 1.0213948 1.0522180 1.0012397 1.0012397 0.9604148 0.9604148 0.9872770 0.9806752 0.9733029 0.9782855 0.9746906 1.0630948 1.0897926 1.0692984 1.0753980 1.0368001 1.0117122 1.0090704 0.9851237 0.9828049 0.9774080 0.9613904 0.9798023 0.9879574 1.0982713 1.1672802 1.1399818 1.1392028 1.1230114 1.1606365 1.1177682 1.1698765 1.1494818 1.0445602 1.0397770 1.1108145 0.9988577 1.1275464 1.1317870 1.0818994 1.0818994 1.2348894 1.1761197 1.2806070 1.1813891 1.1018955 1.1729977 1.1748112 1.1566253 1.1056939 1.1410455 1.2661928 1.2556708 1.2508013 1.2508013 1.2508013 1.2682980 1.2437898 1.1352946 1.1352946 1.1237093 1.1806887 1.3320155 1.3320155 1.2335908 1.4102064 1.4161849 1.4011022 1.3688591 1.4301238 1.4057502 1.5762691 1.3016444 1.3016444 1.2540553 1.2540553 1.3485489 1.3393781 1.3407949 1.3683854 1.3967867 1.4524461 1.4348593 1.4348593 1.2337664 1.3032222 1.2988290 1.3420531 1.2388996 1.2351797 1.2270383 1.2804997 1.3889429 1.3889429 1.3590393 1.5580021 1.5481572 1.4302936 
XP_023642198.1|Capsella_rubella                                             0.2910637 0.2785971 0.2785971 0.2736990 0.2736990 0.2887163 0.2887163 0.2676714 0.2676714 0.3335279 0.3189982 0.3189982 0.3303841 0.3303841 0.3333779 0.3333779 0.3160571 0.3160571 0.1472610 0.1629599 0.1575397 0.2336638 0.0000000 0.5954971 1.0680991 1.0680991 1.1664932 1.0668173 1.0643164 1.0706600 1.0643164 1.0706600 1.0902435 1.0837818 1.0345098 1.0075694 1.0297818 1.0542373 1.0464304 1.0469538 1.0458712 0.9877804 1.0005253 1.0038885 1.0995838 1.0781270 1.0544247 1.0037117 1.1254333 1.1481920 1.1326631 1.1593384 1.1717342 0.9713196 0.9440505 0.9296984 0.9632560 0.9724975 0.9724975 0.9198553 0.9198553 0.9394644 0.9220141 0.8974179 0.9019703 0.9208127 1.0261787 1.0304900 0.9890175 1.0290201 0.9476654 0.9340719 0.9402616 0.9106835 0.9405162 0.9373550 0.9421292 0.9069650 0.8987218 1.0234155 1.1429691 1.0205099 1.0152420 1.0183168 1.0344151 1.0281960 1.0302945 1.0147959 0.9310477 0.9376659 0.9787786 0.9149984 1.0607682 1.1249845 1.0325337 1.0325337 1.1217951 1.1032313 1.2197286 1.1335368 1.0096790 1.1235402 1.1424313 1.1060394 1.0507690 1.0775763 1.1326272 1.1681646 1.1728744 1.1728744 1.1728744 1.2068988 1.1919534 1.0829178 1.0829178 1.0850002 1.1037793 1.3305555 1.3305555 1.1782831 1.3340957 1.3375881 1.3224229 1.3093368 1.3603554 1.3279955 1.4717844 1.2427167 1.2427167 1.1789485 1.1789485 1.3340486 1.2690293 1.2974018 1.3047876 1.3421156 1.4028328 1.4120520 1.4120520 1.1518670 1.1979925 1.1845149 1.2179539 1.1552423 1.1539707 1.1633075 1.1860792 1.2888378 1.2888378 1.3565746 1.5542288 1.4336069 1.3715391 
XP_010524495.1|Tarenaya_hassleriana                                         0.4654259 0.5355871 0.5355871 0.5435575 0.5435575 0.5443984 0.5443984 0.5462716 0.5462716 0.5282275 0.5603229 0.5603229 0.5479796 0.5479796 0.5324244 0.5324244 0.5508688 0.5508688 0.5398305 0.5825350 0.5794569 0.6205530 0.5954971 0.0000000 1.0004313 1.0004313 1.0464481 0.9559312 1.0009215 1.0027735 1.0009215 1.0027735 1.0100153 1.0081556 1.0179177 0.9360640 0.9319644 0.9547548 0.9146933 0.9448514 0.9619142 0.9215477 0.9023706 0.9145329 0.9669345 0.9366978 0.9586215 0.9521065 1.0248578 1.0572019 1.0447561 1.0666827 1.0819996 0.8816622 0.8392413 0.8130261 0.8196256 0.7759560 0.7852701 0.7851685 0.7945050 0.8032735 0.7906937 0.7694579 0.7761694 0.7562999 0.8420763 0.8360083 0.9063059 0.8954060 0.8809677 0.8554801 0.8547983 0.8306560 0.8358922 0.8610423 0.8504221 0.8047917 0.8213818 0.8748842 0.9761913 0.8828462 0.8867422 0.8675418 0.9556432 0.9389242 0.9349726 0.9230137 0.8926868 0.8923950 0.9556202 0.8340700 0.9080953 1.0418423 0.9146677 0.9146677 0.9796763 1.0514206 1.1553341 1.0778474 0.9601927 0.9883884 1.0420841 0.9728164 0.8646348 0.9639468 1.0124393 0.9987774 1.0281867 1.0281867 1.0281867 1.1166826 1.0157349 1.0301781 1.0301781 1.0393227 1.0111157 1.0637806 1.0637806 0.9639234 1.1636570 1.1803041 1.1720066 1.1440726 1.2921433 1.1610621 1.3543881 1.1004541 1.1004541 1.0433913 1.0433913 1.1770399 1.1722934 1.2153595 1.1339960 1.1714800 1.2447150 1.3097202 1.3097202 1.1143459 1.1288978 1.1248653 1.1458541 1.0755790 1.0786424 1.0636357 1.1663503 1.1212353 1.1212353 1.1827954 1.4731516 1.3912131 1.3445990 
