102
NP_180916.1|Arabidopsis_thaliana|LYK5               0.0000000 0.0699183 0.0721007 0.0700490 0.0539205 0.1422992 0.1549332 0.1549332 0.1620330 0.1583347 0.3569396 0.5611439 0.5545348 0.5531261 0.5531881 0.5604556 0.5775437 0.6784790 0.5952717 0.5466951 0.5317687 0.5379335 0.5427822 0.5471510 0.5303285 0.6203919 0.6527533 0.6018925 0.4903644 0.4801193 0.5037054 0.5078361 0.4948816 0.4992665 0.5109671 0.5053002 0.5050242 0.4977996 0.5034209 0.5114373 0.5114373 0.5143598 0.5212101 0.5039318 0.5088559 0.5380985 0.5646756 0.5732968 0.5791504 0.5963357 0.5204052 0.5270476 0.5721595 0.6829744 0.6273953 0.6479977 0.7778093 0.7805400 0.7030752 0.6516327 0.6841171 0.6445872 0.6694146 0.6874186 0.6922857 0.7055708 0.8318530 0.7571190 0.7503899 0.7587692 0.8489455 0.8299393 0.8492039 0.8418951 0.7975692 0.8443896 0.8470106 0.8634986 0.8802501 0.9348383 0.8491737 0.8466821 0.9985398 1.0418089 1.0503970 1.0990272 1.0535271 1.1749361 1.0400701 1.0566631 1.1190729 1.4048943 1.1989387 1.2010274 1.1908927 1.2071515 1.2316225 1.5699014 1.7003932 1.8767877 1.7154017 1.6886491 
XP_010413840.1|Camelina_sativa                      0.0699183 0.0000000 0.0188424 0.0274588 0.0586763 0.1584059 0.1633924 0.1633924 0.1690176 0.1476797 0.3582336 0.5664036 0.5378718 0.5548758 0.5479421 0.5598038 0.5907683 0.6862585 0.5990869 0.5682534 0.5354388 0.5358504 0.5491685 0.5361618 0.5266944 0.6277719 0.7023584 0.6418790 0.5198534 0.5154405 0.5367274 0.5409614 0.5231562 0.5322267 0.5435236 0.5389380 0.5120380 0.5078229 0.5355100 0.5263423 0.5263423 0.5366069 0.5423517 0.5264434 0.5301166 0.5598071 0.5804756 0.5582295 0.5687836 0.5966278 0.5461274 0.5386322 0.6100264 0.6961273 0.6361168 0.6487117 0.7953694 0.7990780 0.7129384 0.6580612 0.6906925 0.6577281 0.6874571 0.7021842 0.7141564 0.7498835 0.8479619 0.7705073 0.7718274 0.7656371 0.8538619 0.8276655 0.8450495 0.8659916 0.7926449 0.8676464 0.8734569 0.8707457 0.8858675 0.9138433 0.8487913 0.8397473 0.9795577 1.0279882 1.0371430 1.0963591 1.0504996 1.1498961 1.0365970 1.0613798 1.1271595 1.4310532 1.2479615 1.2603153 1.2332618 1.2690512 1.2656805 1.6222780 1.7322417 1.9188083 1.7626884 1.7427675 
XP_010469453.1|Camelina_sativa                      0.0721007 0.0188424 0.0000000 0.0359979 0.0608460 0.1559514 0.1635378 0.1635378 0.1743960 0.1539141 0.3641850 0.5726790 0.5506233 0.5675955 0.5621666 0.5775354 0.5999676 0.6916762 0.6026641 0.5740094 0.5472820 0.5506443 0.5656379 0.5530812 0.5435042 0.6355787 0.6978988 0.6415768 0.5228624 0.5137618 0.5381741 0.5424062 0.5260034 0.5350687 0.5415891 0.5427819 0.5234527 0.5187337 0.5359669 0.5253753 0.5253753 0.5355964 0.5413133 0.5254811 0.5291342 0.5581445 0.5891952 0.5689882 0.5796451 0.6016247 0.5425647 0.5386632 0.6031742 0.6935361 0.6411750 0.6592594 0.7898543 0.7935485 0.7149793 0.6592800 0.6911540 0.6596783 0.6894343 0.7033704 0.7162908 0.7583340 0.8427045 0.7778474 0.7765921 0.7646337 0.8749840 0.8451452 0.8646298 0.8840324 0.8133047 0.8851317 0.8915593 0.8816940 0.8971230 0.9374134 0.8709790 0.8618320 1.0022874 1.0510962 1.0600278 1.1159392 1.0694948 1.1731474 1.0598556 1.0836291 1.1528274 1.4353396 1.2549352 1.2672380 1.2287718 1.2757819 1.2782280 1.6156488 1.7291279 1.9286411 1.7405668 1.7399137 
XP_010509863.1|Camelina_sativa                      0.0700490 0.0274588 0.0359979 0.0000000 0.0697032 0.1703783 0.1658807 0.1658807 0.1734058 0.1673170 0.3554939 0.5617794 0.5298841 0.5434068 0.5434587 0.5446960 0.5696139 0.6854865 0.5931803 0.5701691 0.5281667 0.5284807 0.5417300 0.5363970 0.5251019 0.6223637 0.7109967 0.6547400 0.5203763 0.5192358 0.5271776 0.5314050 0.5136358 0.5226709 0.5447000 0.5436480 0.5201348 0.5158443 0.5464595 0.5264891 0.5264891 0.5367583 0.5425066 0.5265895 0.5302649 0.5699876 0.5854746 0.5629241 0.5735085 0.5936232 0.5457110 0.5473523 0.6012726 0.7024106 0.6349828 0.6650803 0.7929236 0.7966281 0.7039801 0.6495265 0.6819553 0.6492237 0.6788029 0.7083558 0.7195418 0.7367226 0.8335350 0.7590210 0.7529836 0.7569537 0.8486672 0.8180194 0.8339590 0.8522133 0.7850815 0.8587012 0.8594896 0.8655030 0.8772969 0.9021416 0.8444007 0.8305777 0.9752558 1.0207697 1.0453368 1.1037810 1.0617147 1.1676408 1.0508007 1.0692592 1.1279927 1.4130430 1.2532598 1.2655617 1.2329908 1.2832693 1.2857261 1.6236047 1.6909918 1.9200625 1.7094830 1.7301649 
XP_006295585.1|Capsella_rubella                     0.0539205 0.0586763 0.0608460 0.0697032 0.0000000 0.1400307 0.1555539 0.1555539 0.1582114 0.1528243 0.3574026 0.5683556 0.5565293 0.5605526 0.5606229 0.5645231 0.6023920 0.6739770 0.5875056 0.5510073 0.5415202 0.5396633 0.5569301 0.5377031 0.5225640 0.6169860 0.6745982 0.6212671 0.5046950 0.4948379 0.5317595 0.5359773 0.5227648 0.5272694 0.5377043 0.5287209 0.5104882 0.5025626 0.5203262 0.5185996 0.5185996 0.5215203 0.5271230 0.5112591 0.5226726 0.5503438 0.5681228 0.5442289 0.5545386 0.5779520 0.5239175 0.5296986 0.5832366 0.7015313 0.6323249 0.6382317 0.7786647 0.7823406 0.7060057 0.6626746 0.6869513 0.6517697 0.6748977 0.6887146 0.6968111 0.7374489 0.8374931 0.7880566 0.7710299 0.7580892 0.8340972 0.8152724 0.8343928 0.8388598 0.7885140 0.8402845 0.8429118 0.8461572 0.8666432 0.9014679 0.8389810 0.8364818 0.9656266 1.0092215 1.0135247 1.0608462 1.0135251 1.1252973 1.0282938 1.0288492 1.1104287 1.3937406 1.2275396 1.2409907 1.2074384 1.2227992 1.2557865 1.5832258 1.7049365 1.9091563 1.6850076 1.6861871 
XP_013671298.1|Brassica_napus                       0.1422992 0.1584059 0.1559514 0.1703783 0.1400307 0.0000000 0.0433620 0.0433620 0.0525599 0.1390010 0.3441281 0.5909104 0.5719014 0.5775809 0.5727727 0.5878913 0.5860691 0.7004689 0.5897220 0.5431084 0.5152960 0.5263680 0.5254047 0.5210561 0.4992948 0.6083750 0.7025329 0.6416899 0.5150640 0.5196733 0.5276870 0.5398657 0.5234032 0.5279178 0.5272476 0.5158184 0.5220649 0.5236267 0.5108698 0.5198841 0.5198841 0.5193337 0.5296896 0.5111492 0.5174985 0.5345987 0.5781462 0.5713310 0.5771215 0.6045311 0.5151483 0.5275903 0.5790517 0.6751470 0.6286127 0.6573248 0.7384450 0.7420200 0.6813906 0.6247662 0.6585830 0.6346550 0.6593872 0.6657498 0.6804013 0.7237318 0.7842162 0.7369132 0.7430044 0.7746284 0.8325465 0.8163075 0.8447288 0.8344618 0.7866905 0.8334571 0.8471326 0.8488424 0.8574118 0.8571754 0.8061123 0.8042411 0.9352750 0.9699991 0.9900691 1.0356178 0.9921693 1.1203545 0.9873347 1.0172519 1.1172594 1.4461055 1.2478033 1.2489324 1.2039143 1.2904513 1.2985233 1.4361578 1.6333702 1.9410467 1.7122588 1.7006873 
XP_013662422.1|Brassica_napus                       0.1549332 0.1633924 0.1635378 0.1658807 0.1555539 0.0433620 0.0000000 0.0000010 0.0636079 0.1411357 0.3503260 0.5659834 0.5501857 0.5603592 0.5556259 0.5645897 0.5776433 0.6881773 0.5633744 0.5414727 0.5107722 0.5202269 0.5239742 0.5200478 0.4984756 0.6001219 0.6924364 0.6525890 0.5067019 0.5094631 0.5187445 0.5308831 0.5168280 0.5213238 0.5214114 0.5104389 0.5072398 0.5108783 0.5037707 0.5300014 0.5300014 0.5294288 0.5293366 0.5203444 0.5267181 0.5198896 0.5775616 0.5598721 0.5655347 0.5957128 0.5149932 0.5182752 0.5680946 0.6563554 0.6039132 0.6447586 0.7392998 0.7428587 0.6745914 0.6185761 0.6685491 0.6428847 0.6590824 0.6776439 0.6898304 0.7185813 0.7760935 0.7377447 0.7283627 0.7782044 0.8036343 0.7915479 0.8158424 0.8117115 0.7925479 0.8144058 0.8242730 0.8380874 0.8433593 0.8601012 0.7917888 0.7898904 0.9167350 0.9508309 0.9683607 1.0304795 0.9804990 1.1157269 0.9771137 1.0075522 1.1259356 1.5105387 1.2428681 1.2440965 1.1917692 1.3100521 1.3137943 1.3974349 1.6703047 1.9580949 1.7590776 1.7151071 
XP_009141328.1|Brassica_rapa                        0.1549332 0.1633924 0.1635378 0.1658807 0.1555539 0.0433620 0.0000010 0.0000000 0.0636079 0.1411357 0.3503260 0.5659834 0.5501857 0.5603592 0.5556259 0.5645897 0.5776433 0.6881773 0.5633744 0.5414727 0.5107722 0.5202269 0.5239742 0.5200478 0.4984756 0.6001219 0.6924364 0.6525890 0.5067019 0.5094631 0.5187445 0.5308831 0.5168280 0.5213238 0.5214114 0.5104389 0.5072398 0.5108783 0.5037707 0.5300014 0.5300014 0.5294288 0.5293366 0.5203444 0.5267181 0.5198896 0.5775616 0.5598721 0.5655347 0.5957128 0.5149932 0.5182752 0.5680946 0.6563554 0.6039132 0.6447586 0.7392998 0.7428587 0.6745914 0.6185761 0.6685491 0.6428847 0.6590824 0.6776439 0.6898304 0.7185813 0.7760935 0.7377447 0.7283627 0.7782044 0.8036343 0.7915479 0.8158424 0.8117115 0.7925479 0.8144058 0.8242730 0.8380874 0.8433593 0.8601012 0.7917888 0.7898904 0.9167350 0.9508309 0.9683607 1.0304795 0.9804990 1.1157269 0.9771137 1.0075522 1.1259356 1.5105387 1.2428681 1.2440965 1.1917692 1.3100521 1.3137943 1.3974349 1.6703047 1.9580949 1.7590776 1.7151071 
XP_018484364.1|Raphanus_sativus                     0.1620330 0.1690176 0.1743960 0.1734058 0.1582114 0.0525599 0.0636079 0.0636079 0.0000000 0.1510479 0.3614664 0.5705692 0.5450512 0.5477743 0.5442796 0.5685906 0.5683545 0.6883967 0.5797221 0.5468879 0.5051463 0.5230817 0.5206908 0.5057107 0.4842085 0.6113437 0.6914824 0.6529111 0.4909256 0.5154212 0.5104737 0.5225011 0.5015891 0.5081144 0.5274835 0.5207065 0.4933226 0.4962365 0.5141916 0.5122548 0.5122548 0.5151587 0.5146326 0.5027727 0.5090484 0.5280426 0.5742518 0.5554306 0.5611221 0.5714454 0.5295703 0.5118455 0.5610740 0.6784529 0.6173870 0.6490436 0.7339486 0.7375391 0.6724969 0.6253773 0.6669426 0.6379413 0.6628716 0.6684241 0.6816710 0.6985510 0.7772938 0.7375414 0.7441594 0.7516174 0.8008649 0.7972831 0.8165298 0.8251177 0.7760257 0.8197647 0.8314359 0.8622708 0.8640895 0.8592402 0.7832681 0.7813445 0.9211216 0.9555244 0.9899840 1.0315285 0.9920928 1.1191905 0.9843597 1.0142507 1.1117215 1.4393867 1.2364297 1.2377845 1.1864264 1.2720778 1.3004123 1.4715548 1.7106167 1.9989329 1.7113684 1.6943982 
XP_006410503.2|Eutrema_salsugineum                  0.1583347 0.1476797 0.1539141 0.1673170 0.1528243 0.1390010 0.1411357 0.1411357 0.1510479 0.0000000 0.3253903 0.5468957 0.5181102 0.5348889 0.5278329 0.5449932 0.5566692 0.6927623 0.5988150 0.5622778 0.5447641 0.5464527 0.5545397 0.5272247 0.5053019 0.6076335 0.6699792 0.6204366 0.5224887 0.5197274 0.5470465 0.5594475 0.5393261 0.5426067 0.5380260 0.5418048 0.5163782 0.5162413 0.5415797 0.5457480 0.5457480 0.5486712 0.5461126 0.5370369 0.5502343 0.5376106 0.5675955 0.5928064 0.5986238 0.6099439 0.5590199 0.5571264 0.5815542 0.6620963 0.6208638 0.6176596 0.7815431 0.7852412 0.7273113 0.6790323 0.7095481 0.6747765 0.6978345 0.6665705 0.6787026 0.7529823 0.8069302 0.7555198 0.7552246 0.7838196 0.8394539 0.8196724 0.8292282 0.8644758 0.8026821 0.8387761 0.8406609 0.8512521 0.8539200 0.8922338 0.8285445 0.8267102 0.9835185 1.0243134 1.0113853 1.0442427 1.0305340 1.1388888 1.0020577 1.0310191 1.1030927 1.4099540 1.2432173 1.2441274 1.2208453 1.2786001 1.3082977 1.4924169 1.6810408 1.9456663 1.7193574 1.7168803 
XP_010523260.1|Tarenaya_hassleriana                 0.3569396 0.3582336 0.3641850 0.3554939 0.3574026 0.3441281 0.3503260 0.3503260 0.3614664 0.3253903 0.0000000 0.5734577 0.5608582 0.5624624 0.5587039 0.5612183 0.6041420 0.7240884 0.6296001 0.5419754 0.5642637 0.5376821 0.5358808 0.5659533 0.5478057 0.5984802 0.7218279 0.6819745 0.5265545 0.5095727 0.5460436 0.5467101 0.5397143 0.5445300 0.5847444 0.5793122 0.5238710 0.5334165 0.5517419 0.5376036 0.5376036 0.5412887 0.5474760 0.5497376 0.5522261 0.5473103 0.6337294 0.5631120 0.5688221 0.6042549 0.5586665 0.5692957 0.5885619 0.6991902 0.6224636 0.6705050 0.7357912 0.7393808 0.6791494 0.6638346 0.7096154 0.6715998 0.6801987 0.6394388 0.6477595 0.7338146 0.8059663 0.7392827 0.7431955 0.7915653 0.8274025 0.8094824 0.8308460 0.8256119 0.7526657 0.8197829 0.8391144 0.8633978 0.8569463 0.8626092 0.8481801 0.8214938 0.9763725 1.0054888 0.9953176 1.0384179 1.0278662 1.1110941 1.0348439 1.0355363 1.1169834 1.4111121 1.2255968 1.2431580 1.2204825 1.3799447 1.3845269 1.6140938 1.7413661 1.9391303 1.8003647 1.7437944 
XP_029126859.1|Cajanus_cajan                        0.5611439 0.5664036 0.5726790 0.5617794 0.5683556 0.5909104 0.5659834 0.5659834 0.5705692 0.5468957 0.5734577 0.0000000 0.1212590 0.1644449 0.1557251 0.1644598 0.2507963 0.3808093 0.5466684 0.4438478 0.4231766 0.4212453 0.4179547 0.4295577 0.4247326 0.4720470 0.6200957 0.6062479 0.4801510 0.4945362 0.4988857 0.5029887 0.5025812 0.5035576 0.4831329 0.4888698 0.4693942 0.4770451 0.4548230 0.4622824 0.4622824 0.4690441 0.4565057 0.4638445 0.4706862 0.5040442 0.5610617 0.4553381 0.4552576 0.4641537 0.4683547 0.4682301 0.4690565 0.5476907 0.5395842 0.5731416 0.6575822 0.6610570 0.6322451 0.6076084 0.6318262 0.6062167 0.6061494 0.6692277 0.6739966 0.7294265 0.7758951 0.6662443 0.6765138 0.7162836 0.7428531 0.7328162 0.7452147 0.7424913 0.6446942 0.7419277 0.7340925 0.7466735 0.7705752 0.7508730 0.6986370 0.6942060 0.8694553 0.8808131 0.8776986 1.0420851 1.0277643 1.1259939 0.9756025 1.0038643 1.0512287 1.3873206 1.1129489 1.1246616 1.2029533 1.2564151 1.2644158 1.4407039 1.7935765 2.0292081 1.6623317 1.7978340 
TKY57014.1|Spatholobus_suberectus                   0.5545348 0.5378718 0.5506233 0.5298841 0.5565293 0.5719014 0.5501857 0.5501857 0.5450512 0.5181102 0.5608582 0.1212590 0.0000000 0.1587259 0.1482670 0.1507093 0.2448560 0.4028660 0.5166545 0.4417408 0.4096461 0.4330617 0.4187559 0.4388776 0.4295672 0.4720612 0.6077532 0.5983008 0.4721231 0.4834423 0.4863310 0.4903723 0.4896661 0.4844671 0.4576014 0.4802811 0.4689211 0.4762409 0.4715180 0.4784598 0.4784598 0.4852535 0.4804118 0.4724983 0.4784224 0.4989842 0.5007842 0.4786084 0.4766611 0.4676967 0.4696960 0.4805161 0.4724828 0.5642243 0.5467037 0.5952622 0.6123376 0.6157235 0.6094309 0.5981993 0.6096442 0.5636189 0.5721732 0.6190754 0.6198356 0.6950715 0.7435761 0.6616297 0.6526470 0.6643469 0.6887715 0.6689190 0.6842528 0.6952605 0.6095342 0.6777350 0.6864649 0.6836811 0.6885813 0.6970428 0.6457111 0.6396046 0.8394335 0.8602022 0.8438369 1.0172825 0.9969465 1.0876783 0.9331545 0.9646569 1.0272723 1.4172210 1.1708089 1.1819446 1.2389193 1.2908374 1.2959612 1.4884000 1.7948462 2.0575914 1.7317773 1.8019665 
XP_017430370.1|Vigna_angularis                      0.5531261 0.5548758 0.5675955 0.5434068 0.5605526 0.5775809 0.5603592 0.5603592 0.5477743 0.5348889 0.5624624 0.1644449 0.1587259 0.0000000 0.0168822 0.0751001 0.2450072 0.4211124 0.5287536 0.4708042 0.4505533 0.4694071 0.4632797 0.4714515 0.4588216 0.5372384 0.6496307 0.6507981 0.5127794 0.5266216 0.5301457 0.5343314 0.5336963 0.5366633 0.4872996 0.5016972 0.4976850 0.5011997 0.4921650 0.5040318 0.5040318 0.5108565 0.4940640 0.5035258 0.5111867 0.5289184 0.5467069 0.4951284 0.4950649 0.5211548 0.4817435 0.4812023 0.4755588 0.5758897 0.5567135 0.6019595 0.6607494 0.6642017 0.6403016 0.6156904 0.6487050 0.6096516 0.6172507 0.6737622 0.6741510 0.7097307 0.7702548 0.6608106 0.6639923 0.6981236 0.7028313 0.6899375 0.7073435 0.7041668 0.6321428 0.7056534 0.7052703 0.7310764 0.7268843 0.7328113 0.6805144 0.6534164 0.8402216 0.8510567 0.8565217 1.0014145 0.9913522 1.0782056 0.9468657 0.9579106 0.9940061 1.4274989 1.1260224 1.1340238 1.2353222 1.2854157 1.2782834 1.4407256 1.8377054 2.0444975 1.7632350 1.8129740 
XP_014505078.1|Vigna_radiata_var_radiata            0.5531881 0.5479421 0.5621666 0.5434587 0.5606229 0.5727727 0.5556259 0.5556259 0.5442796 0.5278329 0.5587039 0.1557251 0.1482670 0.0168822 0.0000000 0.0635876 0.2538382 0.4116459 0.5300224 0.4594409 0.4441044 0.4618295 0.4558373 0.4605319 0.4479804 0.5176837 0.6273963 0.6308408 0.4995749 0.5132325 0.5234968 0.5276527 0.5270086 0.5299381 0.4796819 0.4919337 0.4834332 0.4893253 0.4820355 0.4951208 0.4951208 0.5019095 0.4852043 0.4945878 0.5021781 0.5218815 0.5452368 0.4778549 0.4777833 0.5032645 0.4848541 0.4797818 0.4904801 0.5677735 0.5527924 0.5939692 0.6465296 0.6499568 0.6315410 0.6040719 0.6338738 0.5980506 0.6055718 0.6634202 0.6637940 0.7173593 0.7816001 0.6759967 0.6746520 0.6856747 0.6956498 0.6829258 0.7001611 0.6955086 0.6241389 0.6938819 0.6966404 0.7214322 0.7101071 0.7230246 0.6714068 0.6566591 0.8306715 0.8351983 0.8514829 0.9921207 0.9814312 1.0722024 0.9373493 0.9483247 0.9826139 1.4359199 1.1357988 1.1436534 1.2322413 1.2952797 1.2871707 1.4259609 1.8412400 2.0652902 1.7832556 1.8373472 
XP_027940256.1|Vigna_unguiculata                    0.5604556 0.5598038 0.5775354 0.5446960 0.5645231 0.5878913 0.5645897 0.5645897 0.5685906 0.5449932 0.5612183 0.1644598 0.1507093 0.0751001 0.0635876 0.0000000 0.2453535 0.3982097 0.5137908 0.4396555 0.4156508 0.4339375 0.4298856 0.4425349 0.4264534 0.4933620 0.6241495 0.6043179 0.5015283 0.5084498 0.5095926 0.5137387 0.5130669 0.5159547 0.4700633 0.4978352 0.4750239 0.4848170 0.4826945 0.4854776 0.4854776 0.4922760 0.4741714 0.4829274 0.4910922 0.5264661 0.5386307 0.4704539 0.4703794 0.4912728 0.4734265 0.4786757 0.4813875 0.5447627 0.5489116 0.5826702 0.6229989 0.6263657 0.6134178 0.5854666 0.6251529 0.5830087 0.5839103 0.6417945 0.6490956 0.6964455 0.7582287 0.6547880 0.6408827 0.6820965 0.6748923 0.6634416 0.6803157 0.6731536 0.6010609 0.6612138 0.6578610 0.7053197 0.6845119 0.7085619 0.6586378 0.6395934 0.8373548 0.8189637 0.8355588 0.9845017 0.9748093 1.0602522 0.9373391 0.9558398 0.9885610 1.4134055 1.1410706 1.1488464 1.2491122 1.2760922 1.2583766 1.4325115 1.7788034 2.0328455 1.7897943 1.8582373 
XP_003616926.2|Medicago_truncatula                  0.5775437 0.5907683 0.5999676 0.5696139 0.6023920 0.5860691 0.5776433 0.5776433 0.5683545 0.5566692 0.6041420 0.2507963 0.2448560 0.2450072 0.2538382 0.2453535 0.0000000 0.4016371 0.5360367 0.5039324 0.4269000 0.4445150 0.4304577 0.4467785 0.4478205 0.4980738 0.6984165 0.6636941 0.4971894 0.4974841 0.5141220 0.5182611 0.5144974 0.5159628 0.5038345 0.5106434 0.5109565 0.5188530 0.4890230 0.5081396 0.5081396 0.5150660 0.5109674 0.5052812 0.5060623 0.5476374 0.5431003 0.4880899 0.4895702 0.4975667 0.5195054 0.5096324 0.5190466 0.6321922 0.6040925 0.6422722 0.6756912 0.6791429 0.6317521 0.5969905 0.6348028 0.5870652 0.5973445 0.6649792 0.6682013 0.7117301 0.7628889 0.6606992 0.6827594 0.6631441 0.7330202 0.7092455 0.7302891 0.7538685 0.6884835 0.7250283 0.7091540 0.7478218 0.7357418 0.7495474 0.6788957 0.6685918 0.9094688 0.9195144 0.8650726 0.9928355 0.9919516 1.0935974 0.9427640 0.9700639 1.0503834 1.4364645 1.1405801 1.1585840 1.3065575 1.2545968 1.2598401 1.4917675 1.7481810 1.9682654 1.7809926 1.8312345 
XP_003601388.3|Medicago_truncatula                  0.6784790 0.6862585 0.6916762 0.6854865 0.6739770 0.7004689 0.6881773 0.6881773 0.6883967 0.6927623 0.7240884 0.3808093 0.4028660 0.4211124 0.4116459 0.3982097 0.4016371 0.0000000 0.6183208 0.6223781 0.5025468 0.5158490 0.4947856 0.5472122 0.5295633 0.5665415 0.7183301 0.6699758 0.6086751 0.6090207 0.6330733 0.6376598 0.6284125 0.6284246 0.6252991 0.6311722 0.5812635 0.6005015 0.6168385 0.5920513 0.5920513 0.5945771 0.5819729 0.5858196 0.5767986 0.6289671 0.6337785 0.5671754 0.5656894 0.5553219 0.6113964 0.6161796 0.6130776 0.7452821 0.6211890 0.6616719 0.7512964 0.7549769 0.7710959 0.7334926 0.8020914 0.7618060 0.7615431 0.7723947 0.7701966 0.8239790 0.8907264 0.8569915 0.8606362 0.8282755 0.8762646 0.8815742 0.8780375 0.8690344 0.7972490 0.8667208 0.8708309 0.8980503 0.8728065 0.8968833 0.8087898 0.7976845 0.9641881 0.9837344 0.9312423 1.0792905 1.0827401 1.1683299 1.0346665 1.0729079 1.2156346 1.6334927 1.2702330 1.2927831 1.3775285 1.3985051 1.4636212 1.5058948 1.8647962 2.1745358 1.8629546 1.9566306 
XP_031404507.1|Punica_granatum                      0.5952717 0.5990869 0.6026641 0.5931803 0.5875056 0.5897220 0.5633744 0.5633744 0.5797221 0.5988150 0.6296001 0.5466684 0.5166545 0.5287536 0.5300224 0.5137908 0.5360367 0.6183208 0.0000000 0.3806608 0.4432547 0.4479431 0.4602999 0.4536035 0.4476999 0.4933116 0.5895554 0.5602079 0.4689789 0.4684356 0.4958241 0.5037562 0.4907745 0.4879349 0.5072248 0.5036021 0.4523214 0.4576113 0.5059317 0.5052596 0.5052596 0.5080616 0.4933413 0.4811058 0.5027455 0.5005113 0.4903143 0.5069433 0.5101410 0.4938840 0.5217635 0.5178817 0.5227047 0.5990527 0.5463726 0.5810557 0.6582054 0.6616354 0.6669741 0.6093533 0.6668449 0.6393553 0.6189534 0.6548609 0.6649964 0.6052654 0.6827406 0.6212001 0.6392186 0.6443015 0.7903815 0.7531198 0.7925605 0.7533804 0.6656280 0.7345750 0.7427540 0.7647349 0.7891456 0.7462584 0.7524275 0.7435907 0.8915670 0.8996657 0.8382724 0.9595597 0.9277695 1.0498915 0.9332397 0.9412192 1.0735222 1.4430016 1.2138740 1.2221860 1.2426626 1.2109823 1.2384503 1.4451282 1.7669284 1.9343538 1.6132437 1.7670643 
XP_030514269.1|Rhodamnia_argentea                   0.5466951 0.5682534 0.5740094 0.5701691 0.5510073 0.5431084 0.5414727 0.5414727 0.5468879 0.5622778 0.5419754 0.4438478 0.4417408 0.4708042 0.4594409 0.4396555 0.5039324 0.6223781 0.3806608 0.0000000 0.4119208 0.4181648 0.4299868 0.4123500 0.4017767 0.4385524 0.5260321 0.4826752 0.3944810 0.4016551 0.3821583 0.3895275 0.3836318 0.3841838 0.4752351 0.4645317 0.4066986 0.4122789 0.4506415 0.4376054 0.4376054 0.4405080 0.4493589 0.4321286 0.4498796 0.4825084 0.5031869 0.4510791 0.4565581 0.4651420 0.4677770 0.4903206 0.4961733 0.5571860 0.5072513 0.5426440 0.5674722 0.5707055 0.6738357 0.6203921 0.6827256 0.6435389 0.6245281 0.5876798 0.6205772 0.6016180 0.6886436 0.6328461 0.5916053 0.6473011 0.7043770 0.6801095 0.7041748 0.6761559 0.6380133 0.6564188 0.6659063 0.6596439 0.6683302 0.6189567 0.6628512 0.6599383 0.7381341 0.7695826 0.7576434 0.8892545 0.8669680 0.9439045 0.8507523 0.8627806 0.9628204 1.4131162 1.2023806 1.2161348 1.2431564 1.2292727 1.2807075 1.4246815 1.6870615 2.0683335 1.7338202 1.7538737 
XP_042988561.1|Carya_illinoinensis                  0.5317687 0.5354388 0.5472820 0.5281667 0.5415202 0.5152960 0.5107722 0.5107722 0.5051463 0.5447641 0.5642637 0.4231766 0.4096461 0.4505533 0.4441044 0.4156508 0.4269000 0.5025468 0.4432547 0.4119208 0.0000000 0.0723745 0.0650145 0.2373521 0.2306648 0.2468424 0.4745656 0.4686771 0.3969288 0.3902038 0.3925387 0.4030931 0.3876906 0.3804607 0.3648629 0.3852873 0.3438587 0.3640872 0.3788936 0.3347693 0.3347693 0.3436856 0.3435237 0.3382184 0.3379176 0.4289837 0.4213652 0.3890939 0.3859585 0.4095810 0.4011400 0.4033346 0.4444146 0.5235747 0.4494736 0.4875765 0.5554007 0.5586690 0.5991116 0.5612644 0.5923157 0.5656032 0.5585103 0.5699950 0.5814145 0.6128480 0.6710869 0.6162486 0.6159112 0.6514201 0.6617430 0.6377408 0.6540279 0.6980831 0.6546499 0.6707138 0.6586133 0.6852127 0.6791734 0.7011951 0.6772190 0.6759733 0.8188941 0.8339064 0.8265134 0.9393162 0.8970455 1.0109929 0.8663230 0.9072830 1.0072664 1.2962732 1.0925118 1.1026669 1.1538578 1.1436357 1.1971014 1.2583680 1.6206901 1.8002868 1.7646858 1.7850184 
XP_041017675.1|Juglans_microcarpa_x_Juglans_regia   0.5379335 0.5358504 0.5506443 0.5284807 0.5396633 0.5263680 0.5202269 0.5202269 0.5230817 0.5464527 0.5376821 0.4212453 0.4330617 0.4694071 0.4618295 0.4339375 0.4445150 0.5158490 0.4479431 0.4181648 0.0723745 0.0000000 0.0466066 0.2509487 0.2415365 0.2651503 0.5025510 0.4783971 0.3774372 0.3778753 0.3912311 0.4018211 0.3863632 0.3810027 0.3864131 0.3963304 0.3408895 0.3631005 0.3889504 0.3343685 0.3343685 0.3434346 0.3523362 0.3370763 0.3416159 0.4300938 0.4310047 0.3800253 0.3799518 0.4213394 0.4085881 0.3963753 0.4610159 0.5140422 0.4537825 0.4935519 0.5776599 0.5809668 0.5934032 0.5552457 0.5850677 0.5601196 0.5572655 0.5876150 0.5818510 0.6182836 0.6832482 0.6094505 0.6337178 0.6408928 0.6616451 0.6497326 0.6578797 0.6641238 0.6328173 0.6614685 0.6471438 0.7006523 0.6833112 0.6995034 0.6653481 0.6628590 0.8034698 0.8265200 0.8207361 0.9267707 0.8950985 0.9873260 0.8529906 0.8962106 1.0171593 1.3265905 1.1114901 1.1246122 1.1779978 1.1323726 1.2096144 1.2522069 1.6038105 1.8401264 1.6996791 1.7153290 
XP_018843092.1|Juglans_regia                        0.5427822 0.5491685 0.5656379 0.5417300 0.5569301 0.5254047 0.5239742 0.5239742 0.5206908 0.5545397 0.5358808 0.4179547 0.4187559 0.4632797 0.4558373 0.4298856 0.4304577 0.4947856 0.4602999 0.4299868 0.0650145 0.0466066 0.0000000 0.2427786 0.2358613 0.2604744 0.4990545 0.4792598 0.3822201 0.3880501 0.3967874 0.4005275 0.3918747 0.3845329 0.3827152 0.4039696 0.3579595 0.3753462 0.3920594 0.3442206 0.3442206 0.3533335 0.3549406 0.3407287 0.3458300 0.4435063 0.4357573 0.4015041 0.3983224 0.4260529 0.3923950 0.3853514 0.4405457 0.5158520 0.4568750 0.4868049 0.5773296 0.5806407 0.6043924 0.5656195 0.6010912 0.5659526 0.5732485 0.5839819 0.5760923 0.6220630 0.6785779 0.6067067 0.6271377 0.6611800 0.6884942 0.6736621 0.6820624 0.6949524 0.6494337 0.6859221 0.6713106 0.7262598 0.7105930 0.7220400 0.6908087 0.6883536 0.8349766 0.8505627 0.8384846 0.9516537 0.9174194 1.0131452 0.8730066 0.9165315 1.0131192 1.3345886 1.1181409 1.1281052 1.1797923 1.1505150 1.2204770 1.2677648 1.5700440 1.8618913 1.7569628 1.7400269 
XP_030951100.1|Quercus_lobata                       0.5471510 0.5361618 0.5530812 0.5363970 0.5377031 0.5210561 0.5200478 0.5200478 0.5057107 0.5272247 0.5659533 0.4295577 0.4388776 0.4714515 0.4605319 0.4425349 0.4467785 0.5472122 0.4536035 0.4123500 0.2373521 0.2509487 0.2427786 0.0000000 0.0236950 0.3274595 0.5101207 0.4926071 0.3444031 0.3834771 0.3792623 0.3872817 0.3743825 0.3671580 0.3520230 0.3984620 0.3396289 0.3390432 0.3824154 0.3253725 0.3253725 0.3374953 0.3191342 0.3199017 0.3258141 0.4415789 0.4210748 0.3741803 0.3664520 0.4153543 0.3957940 0.3799647 0.4366715 0.5087111 0.4348545 0.4659477 0.5711255 0.5743993 0.5866751 0.5632918 0.6168846 0.5819077 0.5673308 0.5888763 0.5855100 0.6120092 0.6691597 0.6029941 0.6315710 0.6646799 0.7263520 0.7081671 0.7205810 0.7612112 0.6787452 0.7385048 0.7276434 0.7316160 0.7380165 0.7579406 0.7207630 0.6869388 0.9181511 0.9193543 0.8731829 1.0090770 0.9751349 1.0674650 0.9466674 0.9558143 1.0416625 1.3341729 1.1478382 1.1643946 1.1681986 1.1540909 1.1820526 1.1661128 1.7270478 1.9398346 1.7283416 1.6950265 
XP_023912979.1|Quercus_suber                        0.5303285 0.5266944 0.5435042 0.5251019 0.5225640 0.4992948 0.4984756 0.4984756 0.4842085 0.5053019 0.5478057 0.4247326 0.4295672 0.4588216 0.4479804 0.4264534 0.4478205 0.5295633 0.4476999 0.4017767 0.2306648 0.2415365 0.2358613 0.0236950 0.0000000 0.3111761 0.4999783 0.4784103 0.3209723 0.3592467 0.3607192 0.3685079 0.3558805 0.3487917 0.3320900 0.3837635 0.3141151 0.3139838 0.3666810 0.3192220 0.3192220 0.3251014 0.3130518 0.3137834 0.3196662 0.4217997 0.4165963 0.3587057 0.3510636 0.4058627 0.3958261 0.3681959 0.4242107 0.4911292 0.4255226 0.4655276 0.5633653 0.5666179 0.5921159 0.5701804 0.6177263 0.5872801 0.5725985 0.5925930 0.5899325 0.6119149 0.6704913 0.6029402 0.6281112 0.6620357 0.7126991 0.6947617 0.7069909 0.7478203 0.6663471 0.7254052 0.7146977 0.7185701 0.7248817 0.7421611 0.7113344 0.6822497 0.9130440 0.9102299 0.8662811 0.9965822 0.9630359 1.0522258 0.9389522 0.9627158 1.0496223 1.3479309 1.1354999 1.1521074 1.1651150 1.1583088 1.1841944 1.1418822 1.7182530 1.9368437 1.7020014 1.7091782 
XP_042991128.1|Carya_illinoinensis                  0.6203919 0.6277719 0.6355787 0.6223637 0.6169860 0.6083750 0.6001219 0.6001219 0.6113437 0.6076335 0.5984802 0.4720470 0.4720612 0.5372384 0.5176837 0.4933620 0.4980738 0.5665415 0.4933116 0.4385524 0.2468424 0.2651503 0.2604744 0.3274595 0.3111761 0.0000000 0.4970023 0.4797226 0.4051497 0.4183457 0.4108240 0.4145940 0.4045355 0.3971553 0.4451726 0.4458279 0.3978802 0.4071372 0.4591389 0.3872299 0.3872299 0.3859558 0.3922198 0.3812079 0.3839023 0.4676463 0.5166623 0.4356857 0.4362170 0.4453028 0.4738380 0.4827093 0.5294027 0.5726524 0.4610451 0.4744396 0.6414218 0.6448764 0.6948096 0.6382922 0.7107641 0.6645928 0.6526460 0.6512473 0.6456267 0.7102483 0.7426212 0.7179871 0.7214360 0.7400532 0.7729257 0.7494538 0.7721546 0.7587659 0.7382644 0.7427790 0.7261282 0.7736281 0.7697715 0.7409922 0.7498672 0.7344647 0.9049213 0.9375157 0.9524418 1.0585684 1.0229533 1.1222437 0.9695623 0.9937612 1.0926315 1.3642962 1.2650611 1.2866121 1.2445245 1.2554713 1.3181571 1.2892981 1.5914859 1.8877332 1.7984263 1.7475177 
XP_022718677.1|Durio_zibethinus                     0.6527533 0.7023584 0.6978988 0.7109967 0.6745982 0.7025329 0.6924364 0.6924364 0.6914824 0.6699792 0.7218279 0.6200957 0.6077532 0.6496307 0.6273963 0.6241495 0.6984165 0.7183301 0.5895554 0.5260321 0.4745656 0.5025510 0.4990545 0.5101207 0.4999783 0.4970023 0.0000000 0.1518764 0.3362080 0.3330287 0.3406187 0.3464602 0.3400938 0.3412418 0.5435545 0.4961689 0.4661062 0.4881679 0.5364191 0.4749778 0.4749778 0.4675078 0.4688568 0.4638058 0.4709819 0.4784927 0.5720274 0.5841646 0.5860757 0.5585704 0.5886115 0.5798220 0.5558971 0.6191375 0.5871401 0.5550828 0.7169500 0.7206694 0.7739546 0.7331382 0.7841160 0.7434421 0.7362626 0.7089116 0.7036685 0.7159503 0.8016477 0.7761334 0.7266211 0.7430612 0.8448303 0.8188155 0.8418797 0.8704956 0.7995044 0.8519683 0.8553912 0.8870783 0.8872451 0.9337420 0.8896411 0.8978075 1.0075434 1.0358624 1.0404758 1.0676613 1.0711194 1.1407989 1.0645034 1.0838647 1.1868935 1.5241451 1.2723524 1.2953724 1.3258866 1.3282438 1.3405004 1.5587809 1.7882020 2.0478496 1.7338269 1.7549854 
XP_007029832.2|Theobroma_cacao                      0.6018925 0.6418790 0.6415768 0.6547400 0.6212671 0.6416899 0.6525890 0.6525890 0.6529111 0.6204366 0.6819745 0.6062479 0.5983008 0.6507981 0.6308408 0.6043179 0.6636941 0.6699758 0.5602079 0.4826752 0.4686771 0.4783971 0.4792598 0.4926071 0.4784103 0.4797226 0.1518764 0.0000000 0.3122760 0.3239384 0.3450091 0.3540755 0.3418331 0.3429938 0.5081203 0.5164669 0.4496332 0.4716423 0.5238960 0.4622521 0.4622521 0.4630932 0.4607088 0.4495334 0.4565730 0.4715823 0.5562305 0.5186679 0.5260536 0.5426046 0.5637396 0.5589050 0.5687104 0.5858803 0.5597042 0.5379538 0.7174353 0.7211570 0.7797558 0.7184332 0.7768035 0.7404867 0.7352145 0.6960184 0.6977025 0.6915285 0.7790278 0.7653683 0.7205139 0.7272598 0.8253418 0.7999111 0.8189113 0.8321570 0.7665682 0.8163304 0.8203313 0.8818076 0.8750264 0.9062540 0.8744164 0.8867672 0.9356091 0.9849920 1.0025061 1.0782102 1.0525559 1.1807420 1.0602380 1.0770097 1.1910599 1.4378243 1.2568278 1.2796582 1.2584537 1.2198066 1.2819118 1.4322207 1.7900883 1.9684870 1.6822032 1.7418867 
XP_022718676.1|Durio_zibethinus                     0.4903644 0.5198534 0.5228624 0.5203763 0.5046950 0.5150640 0.5067019 0.5067019 0.4909256 0.5224887 0.5265545 0.4801510 0.4721231 0.5127794 0.4995749 0.5015283 0.4971894 0.6086751 0.4689789 0.3944810 0.3969288 0.3774372 0.3822201 0.3444031 0.3209723 0.4051497 0.3362080 0.3122760 0.0000000 0.1276881 0.1128258 0.1171320 0.1104410 0.1108839 0.3726239 0.3772972 0.3582951 0.3629911 0.4173369 0.3704467 0.3704467 0.3663968 0.3611157 0.3625415 0.3648988 0.3489745 0.4429076 0.4050048 0.4070835 0.4477636 0.4993352 0.4485144 0.4864255 0.5354693 0.4547066 0.4532824 0.6213621 0.6179020 0.6346209 0.5991094 0.6401027 0.6164857 0.6304463 0.6031411 0.6188749 0.5614809 0.6495567 0.6167319 0.6062775 0.6473374 0.7293133 0.6949379 0.7182687 0.7412057 0.6739135 0.7135861 0.7322820 0.7291461 0.7354769 0.7791213 0.7173162 0.7191807 0.8902251 0.9064608 0.8749342 0.9608509 0.9310224 1.0216774 0.9286596 0.9341118 1.0446764 1.3985514 1.1057722 1.1215982 1.1886688 1.1338683 1.1877849 1.3646615 1.6341362 1.9004241 1.6172161 1.6095305 
XP_017977387.1|Theobroma_cacao                      0.4801193 0.5154405 0.5137618 0.5192358 0.4948379 0.5196733 0.5094631 0.5094631 0.5154212 0.5197274 0.5095727 0.4945362 0.4834423 0.5266216 0.5132325 0.5084498 0.4974841 0.6090207 0.4684356 0.4016551 0.3902038 0.3778753 0.3880501 0.3834771 0.3592467 0.4183457 0.3330287 0.3239384 0.1276881 0.0000000 0.1628809 0.1673405 0.1645975 0.1643516 0.3772838 0.3765784 0.3731257 0.3762237 0.4140474 0.3412942 0.3412942 0.3340776 0.3486768 0.3403650 0.3421639 0.3178307 0.4341800 0.4231124 0.4272766 0.4620364 0.4613927 0.4245723 0.4646806 0.5255781 0.4478291 0.4379762 0.6178626 0.6143854 0.6429486 0.6273506 0.6395269 0.6173527 0.6348937 0.5860691 0.6022173 0.5728182 0.6592268 0.6472475 0.6375148 0.6642188 0.7037909 0.6868070 0.7066356 0.7468666 0.6872900 0.6996449 0.7068623 0.7006175 0.7160798 0.7692537 0.7185836 0.7126256 0.8896674 0.9178718 0.8879633 0.9745961 0.9413680 1.0414917 0.9252115 0.9387562 1.0556171 1.3656117 1.1403085 1.1534189 1.1982735 1.1668110 1.1794107 1.4299998 1.6759865 1.8173124 1.7154538 1.7048952 
XP_017631612.1|Gossypium_arboreum                   0.5037054 0.5367274 0.5381741 0.5271776 0.5317595 0.5276870 0.5187445 0.5187445 0.5104737 0.5470465 0.5460436 0.4988857 0.4863310 0.5301457 0.5234968 0.5095926 0.5141220 0.6330733 0.4958241 0.3821583 0.3925387 0.3912311 0.3967874 0.3792623 0.3607192 0.4108240 0.3406187 0.3450091 0.1128258 0.1628809 0.0000000 0.0062400 0.0104401 0.0125486 0.3891172 0.3778297 0.3726440 0.3762970 0.4208471 0.3653520 0.3653520 0.3675787 0.3748337 0.3649329 0.3686632 0.3653663 0.4752264 0.4084900 0.4140191 0.4592016 0.4708076 0.4549305 0.4668619 0.5470510 0.4865571 0.4801341 0.6310569 0.6275836 0.6438859 0.6034714 0.6326391 0.6179532 0.6356574 0.5987766 0.6211621 0.5634820 0.6510856 0.6277708 0.6012146 0.6785507 0.7419082 0.7095765 0.7349633 0.7560101 0.7011615 0.7276805 0.7433099 0.7287794 0.7433670 0.7793259 0.7287175 0.7176623 0.8780219 0.9017024 0.8851458 0.9713910 0.9432460 1.0339484 0.9295308 0.9354541 1.0457009 1.3490948 1.1122643 1.1278561 1.1723335 1.1614438 1.2203507 1.3895908 1.6289247 1.8420501 1.6456700 1.6190401 
XP_016727798.1|Gossypium_hirsutum                   0.5078361 0.5409614 0.5424062 0.5314050 0.5359773 0.5398657 0.5308831 0.5308831 0.5225011 0.5594475 0.5467101 0.5029887 0.4903723 0.5343314 0.5276527 0.5137387 0.5182611 0.6376598 0.5037562 0.3895275 0.4030931 0.4018211 0.4005275 0.3872817 0.3685079 0.4145940 0.3464602 0.3540755 0.1171320 0.1673405 0.0062400 0.0000000 0.0167832 0.0189120 0.3997636 0.3814732 0.3831569 0.3868609 0.4319100 0.3745181 0.3745181 0.3736008 0.3809223 0.3740749 0.3778544 0.3756812 0.4866778 0.4159710 0.4215719 0.4671859 0.4788904 0.4628354 0.4747692 0.5571841 0.4983540 0.4905763 0.6407151 0.6372203 0.6575165 0.6164695 0.6460885 0.6311377 0.6490265 0.6020251 0.6245042 0.5761167 0.6620155 0.6372432 0.6103973 0.6868445 0.7468981 0.7144340 0.7399061 0.7610607 0.7062385 0.7326217 0.7483033 0.7337090 0.7450843 0.7845280 0.7336959 0.7225963 0.8835467 0.9073380 0.8903879 0.9782796 0.9499513 1.0411060 0.9361488 0.9420849 1.0506208 1.3604120 1.1257703 1.1413096 1.1764126 1.1807777 1.2379175 1.3999263 1.6432678 1.8610766 1.6693966 1.6339495 
XP_016697670.1|Gossypium_hirsutum                   0.4948816 0.5231562 0.5260034 0.5136358 0.5227648 0.5234032 0.5168280 0.5168280 0.5015891 0.5393261 0.5397143 0.5025812 0.4896661 0.5336963 0.5270086 0.5130669 0.5144974 0.6284125 0.4907745 0.3836318 0.3876906 0.3863632 0.3918747 0.3743825 0.3558805 0.4045355 0.3400938 0.3418331 0.1104410 0.1645975 0.0104401 0.0167832 0.0000000 0.0062571 0.3937120 0.3733169 0.3750418 0.3787179 0.4256234 0.3583334 0.3583334 0.3605660 0.3677704 0.3579319 0.3616314 0.3648759 0.4658038 0.4085978 0.4141438 0.4542034 0.4677392 0.4491465 0.4761210 0.5517878 0.4792498 0.4782896 0.6372923 0.6337950 0.6541882 0.6085603 0.6379205 0.6231226 0.6409089 0.6070917 0.6296990 0.5793386 0.6647680 0.6362467 0.6129278 0.6799462 0.7505621 0.7165675 0.7435301 0.7616278 0.7138620 0.7362389 0.7519713 0.7435513 0.7530745 0.7902822 0.7363713 0.7233281 0.8946901 0.9187445 0.8979551 0.9853502 0.9605542 1.0524768 0.9497384 0.9525633 1.0569480 1.3634836 1.1239976 1.1395282 1.1843616 1.1752739 1.2348853 1.4078279 1.6096518 1.8328777 1.6808696 1.6276490 
XP_012492359.1|Gossypium_raimondii                  0.4992665 0.5322267 0.5350687 0.5226709 0.5272694 0.5279178 0.5213238 0.5213238 0.5081144 0.5426067 0.5445300 0.5035576 0.4844671 0.5366633 0.5299381 0.5159547 0.5159628 0.6284246 0.4879349 0.3841838 0.3804607 0.3810027 0.3845329 0.3671580 0.3487917 0.3971553 0.3412418 0.3429938 0.1108839 0.1643516 0.0125486 0.0189120 0.0062571 0.0000000 0.3879326 0.3764301 0.3756099 0.3792963 0.4254977 0.3601696 0.3601696 0.3624072 0.3696461 0.3597623 0.3634808 0.3647282 0.4689355 0.4091859 0.4074147 0.4471955 0.4701177 0.4514241 0.4773989 0.5534389 0.4767350 0.4807717 0.6352747 0.6317780 0.6443095 0.6006015 0.6297043 0.6141197 0.6327436 0.6030263 0.6255532 0.5754816 0.6571127 0.6295961 0.6090041 0.6776982 0.7587057 0.7244284 0.7515834 0.7698793 0.7206816 0.7442763 0.7601255 0.7516388 0.7643635 0.7962059 0.7399787 0.7287853 0.8989651 0.9231367 0.8994632 0.9903825 0.9676284 1.0601677 0.9564715 0.9624590 1.0616555 1.3694285 1.1245198 1.1400585 1.1849544 1.1758460 1.2355245 1.4087528 1.6255837 1.8488468 1.6878737 1.6385867 
XP_021671711.1|Hevea_brasiliensis                   0.5109671 0.5435236 0.5415891 0.5447000 0.5377043 0.5272476 0.5214114 0.5214114 0.5274835 0.5380260 0.5847444 0.4831329 0.4576014 0.4872996 0.4796819 0.4700633 0.5038345 0.6252991 0.5072248 0.4752351 0.3648629 0.3864131 0.3827152 0.3520230 0.3320900 0.4451726 0.5435545 0.5081203 0.3726239 0.3772838 0.3891172 0.3997636 0.3937120 0.3879326 0.0000000 0.2567704 0.2970980 0.2856165 0.2595898 0.3639343 0.3639343 0.3635707 0.3725137 0.3587210 0.3610398 0.4035538 0.4006071 0.4335732 0.4268462 0.4535963 0.4581472 0.4532475 0.5069718 0.5383269 0.4097525 0.4930492 0.5937065 0.5970472 0.6247113 0.5684406 0.6185939 0.5932894 0.5857099 0.5883207 0.5994866 0.5973484 0.6708261 0.6630145 0.6512432 0.6942142 0.7572342 0.7295428 0.7501823 0.7733589 0.7215336 0.7377662 0.7526248 0.7716338 0.7518234 0.7892149 0.7394335 0.7266817 0.8734918 0.9166705 0.8787939 0.9561437 0.9260910 1.0159492 0.9177624 0.9333704 1.0686740 1.4035169 1.1198245 1.1257278 1.1866052 1.1680294 1.2254570 1.3744480 1.7865456 1.8712942 1.8477267 1.8117613 
XP_012073533.1|Jatropha_curcas                      0.5053002 0.5389380 0.5427819 0.5436480 0.5287209 0.5158184 0.5104389 0.5104389 0.5207065 0.5418048 0.5793122 0.4888698 0.4802811 0.5016972 0.4919337 0.4978352 0.5106434 0.6311722 0.5036021 0.4645317 0.3852873 0.3963304 0.4039696 0.3984620 0.3837635 0.4458279 0.4961689 0.5164669 0.3772972 0.3765784 0.3778297 0.3814732 0.3733169 0.3764301 0.2567704 0.0000000 0.3385459 0.3373548 0.2490157 0.4111905 0.4111905 0.4107606 0.4155941 0.4090476 0.4084421 0.4412593 0.4112205 0.4027787 0.4071824 0.4463683 0.4762091 0.4496525 0.5089747 0.5464120 0.4731517 0.5196514 0.6201898 0.6235787 0.6387152 0.5957373 0.6427518 0.6035809 0.6195104 0.5487096 0.5536799 0.6319603 0.7250166 0.6685865 0.6551072 0.7400361 0.7095024 0.6780383 0.7055420 0.7531040 0.6780711 0.7041586 0.7111397 0.6935502 0.7225879 0.7490464 0.6724510 0.6816176 0.8677534 0.8952650 0.8635986 0.9884818 0.9509014 1.0510917 0.9279814 0.9460188 1.0773968 1.4601978 1.1747698 1.1771617 1.1422559 1.1907159 1.2463904 1.3254874 1.7260777 1.8998828 1.8321800 1.8475869 
XP_011041114.1|Populus_euphratica                   0.5050242 0.5120380 0.5234527 0.5201348 0.5104882 0.5220649 0.5072398 0.5072398 0.4933226 0.5163782 0.5238710 0.4693942 0.4689211 0.4976850 0.4834332 0.4750239 0.5109565 0.5812635 0.4523214 0.4066986 0.3438587 0.3408895 0.3579595 0.3396289 0.3141151 0.3978802 0.4661062 0.4496332 0.3582951 0.3731257 0.3726440 0.3831569 0.3750418 0.3756099 0.2970980 0.3385459 0.0000000 0.0279287 0.3036644 0.3456093 0.3456093 0.3483532 0.3441633 0.3430527 0.3505966 0.3908803 0.3751760 0.3661958 0.3645887 0.3945537 0.4317804 0.4184943 0.4747277 0.5367519 0.4209233 0.4709807 0.5989520 0.6023523 0.5695794 0.5557601 0.6115990 0.5880672 0.5828999 0.5652332 0.5713339 0.6498584 0.7235187 0.6484521 0.6601404 0.6470893 0.7000317 0.6738294 0.7028007 0.7231007 0.6869576 0.7115143 0.7157106 0.7290939 0.7321570 0.7169663 0.7069877 0.7035227 0.8711539 0.8938426 0.8626448 0.9527483 0.9361145 1.0365789 0.9544446 0.9512373 1.0423128 1.3384531 1.0966571 1.1124526 1.1980741 1.1345620 1.1912514 1.3558320 1.8369332 1.9941833 1.7482904 1.7862629 
